id,jp_name,en_name,hiragana,katakana,parent_id
1,北海道・東北,hokkaidou・touhoku,ほっかいどう・とうほく,ホッカイドウ・トウホク,0
2,関東,kantou,かんとう,カントウ,0
3,中部・北陸,chuubu・hokuriku,ちゅうぶ・ほくりく,チュウブ・ホクリク,0
4,関西,kansai,かんさい,カンサイ,0
5,中国・四国,chuugoku・shikoku,ちゅうごく・しこく,チュウゴク・シコク,0
6,九州・沖縄,kyuushuu・okinawa,きゅうしゅう・おきなわ,キュウシュウ・オキナワ,0
7,北海道,hokkaidou,ほっかいどう,ホッカイドウ,1
8,青森県,aomoriken,あおもりけん,アオモリケン,1
9,岩手県,iwateken,いわてけん,イワテケン,1
10,宮城県,miyagiken,みやぎけん,ミヤギケン,1
11,秋田県,akitaken,あきたけん,アキタケン,1
12,山形県,yamagataken,やまがたけん,ヤマガタケン,1
13,福島県,fukushimaken,ふくしまけん,フクシマケン,1
14,茨城県,ibarakiken,いばらきけん,イバラキケン,2
15,栃木県,tochigiken,とちぎけん,トチギケン,2
16,群馬県,gunmaken,ぐんまけん,グンマケン,2
17,埼玉県,saitamaken,さいたまけん,サイタマケン,2
18,千葉県,chibaken,ちばけん,チバケン,2
19,東京都,toukyouto,とうきょうと,トウキョウト,2
20,神奈川県,kanagawaken,かながわけん,カナガワケン,2
21,新潟県,niigataken,にいがたけん,ニイガタケン,3
22,富山県,toyamaken,とやまけん,トヤマケン,3
23,石川県,ishikawaken,いしかわけん,イシカワケン,3
24,福井県,fukuiken,ふくいけん,フクイケン,3
25,山梨県,yamanashiken,やまなしけん,ヤマナシケン,3
26,長野県,naganoken,ながのけん,ナガノケン,3
27,岐阜県,gifuken,ぎふけん,ギフケン,3
28,静岡県,shizuokaken,しずおかけん,シズオカケン,3
29,愛知県,aichiken,あいちけん,アイチケン,3
30,三重県,mieken,みえけん,ミエケン,3
31,滋賀県,shigaken,しがけん,シガケン,4
32,京都府,kyoutofu,きょうとふ,キョウトフ,4
33,大阪府,oosakafu,おおさかふ,オオサカフ,4
34,兵庫県,hyougoken,ひょうごけん,ヒョウゴケン,4
35,奈良県,naraken,ならけん,ナラケン,4
36,和歌山県,wakayamaken,わかやまけん,ワカヤマケン,4
37,鳥取県,tottoriken,とっとりけん,トットリケン,5
38,島根県,shimaneken,しまねけん,シマネケン,5
39,岡山県,okayamaken,おかやまけん,オカヤマケン,5
40,広島県,hiroshimaken,ひろしまけん,ヒロシマケン,5
41,山口県,yamaguchiken,やまぐちけん,ヤマグチケン,5
42,徳島県,tokushimaken,とくしまけん,トクシマケン,5
43,香川県,kagawaken,かがわけん,カガワケン,5
44,愛媛県,ehimeken,えひめけん,エヒメケン,5
45,高知県,kouchiken,こうちけん,コウチケン,5
46,福岡県,fukuokaken,ふくおかけん,フクオカケン,6
47,佐賀県,sagaken,さがけん,サガケン,6
48,長崎県,nagasakiken,ながさきけん,ナガサキケン,6
49,熊本県,kumamotoken,くまもとけん,クマモトケン,6
50,大分県,ooitaken,おおいたけん,オオイタケン,6
51,宮崎県,miyazakiken,みやざきけん,ミヤザキケン,6
52,鹿児島県,kagoshimaken,かごしまけん,カゴシマケン,6
53,沖縄県,okinawaken,おきなわけん,オキナワケン,6
54,札幌市,sapporoshi,さっぽろし,サッポロシ,7
55,函館市,hakodateshi,はこだてし,ハコダテシ,7
56,小樽市,otarushi,おたるし,オタルシ,7
57,旭川市,asahikawashi,あさひかわし,アサヒカワシ,7
58,室蘭市,muroranshi,むろらんし,ムロランシ,7
59,釧路市,kushiroshi,くしろし,クシロシ,7
60,帯広市,obihiroshi,おびひろし,オビヒロシ,7
61,北見市,kitamishi,きたみし,キタミシ,7
62,夕張市,yuubarishi,ゆうばりし,ユウバリシ,7
63,岩見沢市,iwamizawashi,いわみざわし,イワミザワシ,7
64,網走市,abashirishi,あばしりし,アバシリシ,7
65,留萌市,rumoishi,るもいし,ルモイシ,7
66,苫小牧市,tomakomaishi,とまこまいし,トマコマイシ,7
67,稚内市,wakkanaishi,わっかないし,ワッカナイシ,7
68,美唄市,bibaishi,びばいし,ビバイシ,7
69,芦別市,ashibetsushi,あしべつし,アシベツシ,7
70,江別市,ebetsushi,えべつし,エベツシ,7
71,赤平市,akabirashi,あかびらし,アカビラシ,7
72,紋別市,monbetsushi,もんべつし,モンベツシ,7
73,士別市,shibetsushi,しべつし,シベツシ,7
74,名寄市,nayoroshi,なよろし,ナヨロシ,7
75,三笠市,mikasashi,みかさし,ミカサシ,7
76,根室市,nemuroshi,ねむろし,ネムロシ,7
77,千歳市,chitoseshi,ちとせし,チトセシ,7
78,滝川市,takikawashi,たきかわし,タキカワシ,7
79,砂川市,sunagawashi,すながわし,スナガワシ,7
80,歌志内市,utashinaishi,うたしないし,ウタシナイシ,7
81,深川市,fukagawashi,ふかがわし,フカガワシ,7
82,富良野市,furanoshi,ふらのし,フラノシ,7
83,登別市,noboribetsushi,のぼりべつし,ノボリベツシ,7
84,恵庭市,eniwashi,えにわし,エニワシ,7
85,伊達市,dateshi,だてし,ダテシ,7
86,北広島市,kitahiroshimashi,きたひろしまし,キタヒロシマシ,7
87,石狩市,ishikarishi,いしかりし,イシカリシ,7
88,北斗市,hokutoshi,ほくとし,ホクトシ,7
89,当別町,toubetsuchou,とうべつちょう,トウベツチョウ,7
90,新篠津村,shinshinotsumura,しんしのつむら,シンシノツムラ,7
91,松前町,matsumaechou,まつまえちょう,マツマエチョウ,7
92,福島町,fukushimachou,ふくしまちょう,フクシマチョウ,7
93,知内町,shiriuchichou,しりうちちょう,シリウチチョウ,7
94,木古内町,kikonaichou,きこないちょう,キコナイチョウ,7
95,七飯町,nanaechou,ななえちょう,ナナエチョウ,7
96,鹿部町,shikabechou,しかべちょう,シカベチョウ,7
97,森町,morimachi,もりまち,モリマチ,7
98,八雲町,yagumochou,やぐもちょう,ヤグモチョウ,7
99,長万部町,oshamanbechou,おしゃまんべちょう,オシャマンベチョウ,7
100,江差町,esashichou,えさしちょう,エサシチョウ,7
101,上ノ国町,kaminokunichou,かみのくにちょう,カミノクニチョウ,7
102,厚沢部町,assabuchou,あっさぶちょう,アッサブチョウ,7
103,乙部町,otobechou,おとべちょう,オトベチョウ,7
104,奥尻町,okushirichou,おくしりちょう,オクシリチョウ,7
105,今金町,imakanechou,いまかねちょう,イマカネチョウ,7
106,せたな町,setanachou,せたなちょう,セタナチョウ,7
107,島牧村,shimamakimura,しままきむら,シママキムラ,7
108,寿都町,suttsuchou,すっつちょう,スッツチョウ,7
109,黒松内町,kuromatsunaichou,くろまつないちょう,クロマツナイチョウ,7
110,蘭越町,rankoshichou,らんこしちょう,ランコシチョウ,7
111,ニセコ町,nisekochou,にせこちょう,ニセコチョウ,7
112,真狩村,makkarimura,まっかりむら,マッカリムラ,7
113,留寿都村,rusutsumura,るすつむら,ルスツムラ,7
114,喜茂別町,kimobetsuchou,きもべつちょう,キモベツチョウ,7
115,京極町,kyougokuchou,きょうごくちょう,キョウゴクチョウ,7
116,倶知安町,kucchiyanchou,くっちゃんちょう,クッチャンチョウ,7
117,共和町,kyouwachou,きょうわちょう,キョウワチョウ,7
118,岩内町,iwauchichou,いわうちちょう,イワウチチョウ,7
119,泊村,tomarimura,とまりむら,トマリムラ,7
120,神恵内村,kamoenaimura,かもえないむら,カモエナイムラ,7
121,積丹町,shakotanchou,しゃこたんちょう,シャコタンチョウ,7
122,古平町,furubirachou,ふるびらちょう,フルビラチョウ,7
123,仁木町,nikichou,にきちょう,ニキチョウ,7
124,余市町,yoichichou,よいちちょう,ヨイチチョウ,7
125,赤井川村,akaigawamura,あかいがわむら,アカイガワムラ,7
126,南幌町,nanporochou,なんぽろちょう,ナンポロチョウ,7
127,奈井江町,naiechou,ないえちょう,ナイエチョウ,7
128,上砂川町,kamisunagawachou,かみすながわちょう,カミスナガワチョウ,7
129,由仁町,yunichou,ゆにちょう,ユニチョウ,7
130,長沼町,naganumachou,ながぬまちょう,ナガヌマチョウ,7
131,栗山町,kuriyamachou,くりやまちょう,クリヤマチョウ,7
132,月形町,tsukigatachou,つきがたちょう,ツキガタチョウ,7
133,浦臼町,urausuchou,うらうすちょう,ウラウスチョウ,7
134,新十津川町,shintotsukawachou,しんとつかわちょう,シントツカワチョウ,7
135,妹背牛町,moseushichou,もせうしちょう,モセウシチョウ,7
136,秩父別町,chippubetsuchou,ちっぷべつちょう,チップベツチョウ,7
137,雨竜町,uryuuchou,うりゅうちょう,ウリュウチョウ,7
138,北竜町,hokuryuuchou,ほくりゅうちょう,ホクリュウチョウ,7
139,沼田町,numatachou,ぬまたちょう,ヌマタチョウ,7
140,鷹栖町,takasuchou,たかすちょう,タカスチョウ,7
141,東神楽町,higashikagurachou,ひがしかぐらちょう,ヒガシカグラチョウ,7
142,当麻町,toumachou,とうまちょう,トウマチョウ,7
143,比布町,pippuchou,ぴっぷちょう,ピップチョウ,7
144,愛別町,aibetsuchou,あいべつちょう,アイベツチョウ,7
145,上川町,kamikawachou,かみかわちょう,カミカワチョウ,7
146,東川町,higashikawachou,ひがしかわちょう,ヒガシカワチョウ,7
147,美瑛町,bieichou,びえいちょう,ビエイチョウ,7
148,上富良野町,kamifuranochou,かみふらのちょう,カミフラノチョウ,7
149,中富良野町,nakafuranochou,なかふらのちょう,ナカフラノチョウ,7
150,南富良野町,minamifuranochou,みなみふらのちょう,ミナミフラノチョウ,7
151,占冠村,shimukappumura,しむかっぷむら,シムカップムラ,7
152,和寒町,wassamuchou,わっさむちょう,ワッサムチョウ,7
153,剣淵町,kenbuchichou,けんぶちちょう,ケンブチチョウ,7
154,下川町,shimokawachou,しもかわちょう,シモカワチョウ,7
155,美深町,bifukachou,びふかちょう,ビフカチョウ,7
156,音威子府村,otoineppumura,おといねっぷむら,オトイネップムラ,7
157,中川町,nakagawachou,なかがわちょう,ナカガワチョウ,7
158,幌加内町,horokanaichou,ほろかないちょう,ホロカナイチョウ,7
159,増毛町,mashikechou,ましけちょう,マシケチョウ,7
160,小平町,obirachou,おびらちょう,オビラチョウ,7
161,苫前町,tomamaechou,とままえちょう,トママエチョウ,7
162,羽幌町,haborochou,はぼろちょう,ハボロチョウ,7
163,初山別村,shosanbetsumura,しょさんべつむら,ショサンベツムラ,7
164,遠別町,enbetsuchou,えんべつちょう,エンベツチョウ,7
165,天塩町,teshiochou,てしおちょう,テシオチョウ,7
166,猿払村,sarufutsumura,さるふつむら,サルフツムラ,7
167,浜頓別町,hamatonbetsuchou,はまとんべつちょう,ハマトンベツチョウ,7
168,中頓別町,nakatonbetsuchou,なかとんべつちょう,ナカトンベツチョウ,7
169,枝幸町,esashichou,えさしちょう,エサシチョウ,7
170,豊富町,toyotomichou,とよとみちょう,トヨトミチョウ,7
171,礼文町,rebunchou,れぶんちょう,レブンチョウ,7
172,利尻町,rishirichou,りしりちょう,リシリチョウ,7
173,利尻富士町,rishirifujichou,りしりふじちょう,リシリフジチョウ,7
174,幌延町,horonobechou,ほろのべちょう,ホロノベチョウ,7
175,美幌町,bihorochou,びほろちょう,ビホロチョウ,7
176,津別町,tsubetsuchou,つべつちょう,ツベツチョウ,7
177,斜里町,sharichou,しゃりちょう,シャリチョウ,7
178,清里町,kiyosatochou,きよさとちょう,キヨサトチョウ,7
179,小清水町,koshimizuchou,こしみずちょう,コシミズチョウ,7
180,訓子府町,kunneppuchou,くんねっぷちょう,クンネップチョウ,7
181,置戸町,oketochou,おけとちょう,オケトチョウ,7
182,佐呂間町,saromachou,さろまちょう,サロマチョウ,7
183,遠軽町,engaruchou,えんがるちょう,エンガルチョウ,7
184,湧別町,yuubetsuchou,ゆうべつちょう,ユウベツチョウ,7
185,滝上町,takinouechou,たきのうえちょう,タキノウエチョウ,7
186,興部町,okoppechou,おこっぺちょう,オコッペチョウ,7
187,西興部村,nishiokoppemura,にしおこっぺむら,ニシオコッペムラ,7
188,雄武町,oumuchou,おうむちょう,オウムチョウ,7
189,大空町,oozorachou,おおぞらちょう,オオゾラチョウ,7
190,豊浦町,toyourachou,とようらちょう,トヨウラチョウ,7
191,壮瞥町,soubetsuchou,そうべつちょう,ソウベツチョウ,7
192,白老町,shiraoichou,しらおいちょう,シラオイチョウ,7
193,厚真町,atsumachou,あつまちょう,アツマチョウ,7
194,洞爺湖町,touyakochou,とうやこちょう,トウヤコチョウ,7
195,安平町,abirachou,あびらちょう,アビラチョウ,7
196,むかわ町,mukawachou,むかわちょう,ムカワチョウ,7
197,日高町,hidakachou,ひだかちょう,ヒダカチョウ,7
198,平取町,biratorichou,びらとりちょう,ビラトリチョウ,7
199,新冠町,niikappuchou,にいかっぷちょう,ニイカップチョウ,7
200,浦河町,urakawachou,うらかわちょう,ウラカワチョウ,7
201,様似町,samanichou,さまにちょう,サマニチョウ,7
202,えりも町,erimochou,えりもちょう,エリモチョウ,7
203,新ひだか町,shinhidakachou,しんひだかちょう,シンヒダカチョウ,7
204,音更町,otofukechou,おとふけちょう,オトフケチョウ,7
205,士幌町,shihorochou,しほろちょう,シホロチョウ,7
206,上士幌町,kamishihorochou,かみしほろちょう,カミシホロチョウ,7
207,鹿追町,shikaoichou,しかおいちょう,シカオイチョウ,7
208,新得町,shintokuchou,しんとくちょう,シントクチョウ,7
209,清水町,shimizuchou,しみずちょう,シミズチョウ,7
210,芽室町,memurochou,めむろちょう,メムロチョウ,7
211,中札内村,nakasatsunaimura,なかさつないむら,ナカサツナイムラ,7
212,更別村,sarabetsumura,さらべつむら,サラベツムラ,7
213,大樹町,taikichou,たいきちょう,タイキチョウ,7
214,広尾町,hiroochou,ひろおちょう,ヒロオチョウ,7
215,幕別町,makubetsuchou,まくべつちょう,マクベツチョウ,7
216,池田町,ikedachou,いけだちょう,イケダチョウ,7
217,豊頃町,toyokorochou,とよころちょう,トヨコロチョウ,7
218,本別町,honbetsuchou,ほんべつちょう,ホンベツチョウ,7
219,足寄町,ashorochou,あしょろちょう,アショロチョウ,7
220,陸別町,rikubetsuchou,りくべつちょう,リクベツチョウ,7
221,浦幌町,urahorochou,うらほろちょう,ウラホロチョウ,7
222,釧路町,kushirochou,くしろちょう,クシロチョウ,7
223,厚岸町,akkeshichou,あっけしちょう,アッケシチョウ,7
224,浜中町,hamanakachou,はまなかちょう,ハマナカチョウ,7
225,標茶町,shibechachou,しべちゃちょう,シベチャチョウ,7
226,弟子屈町,teshikagachou,てしかがちょう,テシカガチョウ,7
227,鶴居村,tsuruimura,つるいむら,ツルイムラ,7
228,白糠町,shiranukachou,しらぬかちょう,シラヌカチョウ,7
229,別海町,betsukaichou,べつかいちょう,ベツカイチョウ,7
230,中標津町,nakashibetsuchou,なかしべつちょう,ナカシベツチョウ,7
231,標津町,shibetsuchou,しべつちょう,シベツチョウ,7
232,羅臼町,rausuchou,らうすちょう,ラウスチョウ,7
233,青森市,aomorishi,あおもりし,アオモリシ,8
234,弘前市,hirosakishi,ひろさきし,ヒロサキシ,8
235,八戸市,hachinoheshi,はちのへし,ハチノヘシ,8
236,黒石市,kuroishishi,くろいしし,クロイシシ,8
237,五所川原市,goshogawarashi,ごしょがわらし,ゴショガワラシ,8
238,十和田市,towadashi,とわだし,トワダシ,8
239,三沢市,misawashi,みさわし,ミサワシ,8
240,むつ市,mutsushi,むつし,ムツシ,8
241,つがる市,tsugarushi,つがるし,ツガルシ,8
242,平川市,hirakawashi,ひらかわし,ヒラカワシ,8
243,平内町,hiranaimachi,ひらないまち,ヒラナイマチ,8
244,今別町,imabetsumachi,いまべつまち,イマベツマチ,8
245,蓬田村,yomogitamura,よもぎたむら,ヨモギタムラ,8
246,外ヶ浜町,sotogahamamachi,そとがはままち,ソトガハママチ,8
247,鰺ヶ沢町,ajigasawamachi,あじがさわまち,アジガサワマチ,8
248,深浦町,fukauramachi,ふかうらまち,フカウラマチ,8
249,西目屋村,nishimeyamura,にしめやむら,ニシメヤムラ,8
250,藤崎町,fujisakimachi,ふじさきまち,フジサキマチ,8
251,大鰐町,oowanimachi,おおわにまち,オオワニマチ,8
252,田舎館村,inakadatemura,いなかだてむら,イナカダテムラ,8
253,板柳町,itayanagimachi,いたやなぎまち,イタヤナギマチ,8
254,鶴田町,tsurutamachi,つるたまち,ツルタマチ,8
255,中泊町,nakadomarimachi,なかどまりまち,ナカドマリマチ,8
256,野辺地町,nohejimachi,のへじまち,ノヘジマチ,8
257,七戸町,shichinohemachi,しちのへまち,シチノヘマチ,8
258,六戸町,rokunohemachi,ろくのへまち,ロクノヘマチ,8
259,横浜町,yokohamamachi,よこはままち,ヨコハママチ,8
260,東北町,touhokumachi,とうほくまち,トウホクマチ,8
261,六ヶ所村,rokkashomura,ろっかしょむら,ロッカショムラ,8
262,おいらせ町,oirasechou,おいらせちょう,オイラセチョウ,8
263,大間町,oomachou,おおまちょう,オオマチョウ,8
264,東通村,higashidoorimura,ひがしどおりむら,ヒガシドオリムラ,8
265,風間浦村,kazamauramura,かざまうらむら,カザマウラムラ,8
266,佐井村,saimura,さいむら,サイムラ,8
267,三戸町,sannohemachi,さんのへまち,サンノヘマチ,8
268,五戸町,gonohemachi,ごのへまち,ゴノヘマチ,8
269,田子町,takkomachi,たっこまち,タッコマチ,8
270,南部町,nanbumachi,なんぶまち,ナンブマチ,8
271,階上町,hashikamichou,はしかみちょう,ハシカミチョウ,8
272,新郷村,shingoumura,しんごうむら,シンゴウムラ,8
273,盛岡市,moriokashi,もりおかし,モリオカシ,9
274,宮古市,miyakoshi,みやこし,ミヤコシ,9
275,大船渡市,oofunatoshi,おおふなとし,オオフナトシ,9
276,花巻市,hanamakishi,はなまきし,ハナマキシ,9
277,北上市,kitakamishi,きたかみし,キタカミシ,9
278,久慈市,kujishi,くじし,クジシ,9
279,遠野市,toonoshi,とおのし,トオノシ,9
280,一関市,ichinosekishi,いちのせきし,イチノセキシ,9
281,陸前高田市,rikuzentakatashi,りくぜんたかたし,リクゼンタカタシ,9
282,釜石市,kamaishishi,かまいしし,カマイシシ,9
283,二戸市,ninoheshi,にのへし,ニノヘシ,9
284,八幡平市,hachimantaishi,はちまんたいし,ハチマンタイシ,9
285,奥州市,oushuushi,おうしゅうし,オウシュウシ,9
286,滝沢市,takizawashi,たきざわし,タキザワシ,9
287,雫石町,shizukuishichou,しずくいしちょう,シズクイシチョウ,9
288,葛巻町,kuzumakimachi,くずまきまち,クズマキマチ,9
289,岩手町,iwatechou,いわてちょう,イワテチョウ,9
290,紫波町,shiwachou,しわちょう,シワチョウ,9
291,矢巾町,yahabachou,やはばちょう,ヤハバチョウ,9
292,西和賀町,nishiwagamachi,にしわがまち,ニシワガマチ,9
293,金ケ崎町,kanegasakichou,かねがさきちょう,カネガサキチョウ,9
294,平泉町,hiraizumichou,ひらいずみちょう,ヒライズミチョウ,9
295,住田町,sumidamachi,すみだまち,スミダマチ,9
296,大槌町,ootsuchichou,おおつちちょう,オオツチチョウ,9
297,山田町,yamadachou,やまだちょう,ヤマダチョウ,9
298,岩泉町,iwaizumichou,いわいずみちょう,イワイズミチョウ,9
299,田野畑村,tanohatamura,たのはたむら,タノハタムラ,9
300,普代村,fudaimura,ふだいむら,フダイムラ,9
301,軽米町,karumaimachi,かるまいまち,カルマイマチ,9
302,野田村,nodamura,のだむら,ノダムラ,9
303,九戸村,kunohemura,くのへむら,クノヘムラ,9
304,洋野町,hironochou,ひろのちょう,ヒロノチョウ,9
305,一戸町,ichinohemachi,いちのへまち,イチノヘマチ,9
306,仙台市,sendaishi,せんだいし,センダイシ,10
307,石巻市,ishinomakishi,いしのまきし,イシノマキシ,10
308,塩竈市,shiogamashi,しおがまし,シオガマシ,10
309,気仙沼市,kesennumashi,けせんぬまし,ケセンヌマシ,10
310,白石市,shiroishishi,しろいしし,シロイシシ,10
311,名取市,natorishi,なとりし,ナトリシ,10
312,角田市,kakudashi,かくだし,カクダシ,10
313,多賀城市,tagajoushi,たがじょうし,タガジョウシ,10
314,岩沼市,iwanumashi,いわぬまし,イワヌマシ,10
315,登米市,tomeshi,とめし,トメシ,10
316,栗原市,kuriharashi,くりはらし,クリハラシ,10
317,東松島市,higashimatsushimashi,ひがしまつしまし,ヒガシマツシマシ,10
318,大崎市,oosakishi,おおさきし,オオサキシ,10
319,富谷市,tomiyashi,とみやし,トミヤシ,10
320,蔵王町,zaoumachi,ざおうまち,ザオウマチ,10
321,七ヶ宿町,shichikashukumachi,しちかしゅくまち,シチカシュクマチ,10
322,大河原町,ookawarachou,おおかわらちょう,オオカワラチョウ,10
323,村田町,muratamachi,むらたまち,ムラタマチ,10
324,柴田町,shibatamachi,しばたまち,シバタマチ,10
325,川崎町,kawasakimachi,かわさきまち,カワサキマチ,10
326,丸森町,marumorimachi,まるもりまち,マルモリマチ,10
327,亘理町,watarimachi,わたりまち,ワタリマチ,10
328,山元町,yamamotochou,やまもとちょう,ヤマモトチョウ,10
329,松島町,matsushimamachi,まつしままち,マツシママチ,10
330,七ヶ浜町,shichigahamamachi,しちがはままち,シチガハママチ,10
331,利府町,rifuchou,りふちょう,リフチョウ,10
332,大和町,yamatochou,やまとちょう,ヤマトチョウ,10
333,大郷町,daigouchou,だいごうちょう,ダイゴウチョウ,10
334,大衡村,oohiramura,おおひらむら,オオヒラムラ,10
335,色麻町,shikamachou,しかまちょう,シカマチョウ,10
336,加美町,kamichou,かみちょう,カミチョウ,10
337,涌谷町,wakuyachou,わくやちょう,ワクヤチョウ,10
338,美里町,misatochou,みさとちょう,ミサトチョウ,10
339,女川町,onagawachou,おながわちょう,オナガワチョウ,10
340,南三陸町,minamisanrikuchou,みなみさんりくちょう,ミナミサンリクチョウ,10
341,秋田市,akitashi,あきたし,アキタシ,11
342,能代市,noshiroshi,のしろし,ノシロシ,11
343,横手市,yokoteshi,よこてし,ヨコテシ,11
344,大館市,oodateshi,おおだてし,オオダテシ,11
345,男鹿市,ogashi,おがし,オガシ,11
346,湯沢市,yuzawashi,ゆざわし,ユザワシ,11
347,鹿角市,kadunoshi,かづのし,カヅノシ,11
348,由利本荘市,yurihonjoushi,ゆりほんじょうし,ユリホンジョウシ,11
349,潟上市,katagamishi,かたがみし,カタガミシ,11
350,大仙市,daisenshi,だいせんし,ダイセンシ,11
351,北秋田市,kitaakitashi,きたあきたし,キタアキタシ,11
352,にかほ市,nikahoshi,にかほし,ニカホシ,11
353,仙北市,senbokushi,せんぼくし,センボクシ,11
354,小坂町,kosakamachi,こさかまち,コサカマチ,11
355,上小阿仁村,kamikoanimura,かみこあにむら,カミコアニムラ,11
356,藤里町,fujisatomachi,ふじさとまち,フジサトマチ,11
357,三種町,mitanechou,みたねちょう,ミタネチョウ,11
358,八峰町,happouchou,はっぽうちょう,ハッポウチョウ,11
359,五城目町,gojoumemachi,ごじょうめまち,ゴジョウメマチ,11
360,八郎潟町,hachirougatamachi,はちろうがたまち,ハチロウガタマチ,11
361,井川町,ikawamachi,いかわまち,イカワマチ,11
362,大潟村,ookatamura,おおかたむら,オオカタムラ,11
363,美郷町,misatochou,みさとちょう,ミサトチョウ,11
364,羽後町,ugomachi,うごまち,ウゴマチ,11
365,東成瀬村,higashinarusemura,ひがしなるせむら,ヒガシナルセムラ,11
366,山形市,yamagatashi,やまがたし,ヤマガタシ,12
367,米沢市,yonezawashi,よねざわし,ヨネザワシ,12
368,鶴岡市,tsuruokashi,つるおかし,ツルオカシ,12
369,酒田市,sakatashi,さかたし,サカタシ,12
370,新庄市,shinjoushi,しんじょうし,シンジョウシ,12
371,寒河江市,sagaeshi,さがえし,サガエシ,12
372,上山市,kaminoyamashi,かみのやまし,カミノヤマシ,12
373,村山市,murayamashi,むらやまし,ムラヤマシ,12
374,長井市,nagaishi,ながいし,ナガイシ,12
375,天童市,tendoushi,てんどうし,テンドウシ,12
376,東根市,higashineshi,ひがしねし,ヒガシネシ,12
377,尾花沢市,obanazawashi,おばなざわし,オバナザワシ,12
378,南陽市,nanyoushi,なんようし,ナンヨウシ,12
379,山辺町,yamabechou,やまべちょう,ヤマベチョウ,12
380,中山町,nakayamachou,なかやまちょう,ナカヤマチョウ,12
381,河北町,kahokuchou,かほくちょう,カホクチョウ,12
382,西川町,nishikawachou,にしかわちょう,ニシカワチョウ,12
383,朝日町,asahimachi,あさひまち,アサヒマチ,12
384,大江町,ooechou,おおえちょう,オオエチョウ,12
385,大石田町,ooishidamachi,おおいしだまち,オオイシダマチ,12
386,金山町,kanayamachou,かなやまちょう,カナヤマチョウ,12
387,最上町,mogamimachi,もがみまち,モガミマチ,12
388,舟形町,funagatamachi,ふながたまち,フナガタマチ,12
389,真室川町,mamurogawamachi,まむろがわまち,マムロガワマチ,12
390,大蔵村,ookuramura,おおくらむら,オオクラムラ,12
391,鮭川村,sakegawamura,さけがわむら,サケガワムラ,12
392,戸沢村,tozawamura,とざわむら,トザワムラ,12
393,高畠町,takabatachou,たかばたちょう,タカバタチョウ,12
394,川西町,kawanishichou,かわにしちょう,カワニシチョウ,12
395,小国町,ogunimachi,おぐにまち,オグニマチ,12
396,白鷹町,shiratakamachi,しらたかまち,シラタカマチ,12
397,飯豊町,iidemachi,いいでまち,イイデマチ,12
398,三川町,mikawamachi,みかわまち,ミカワマチ,12
399,庄内町,shounaichou,しょうないちょう,ショウナイチョウ,12
400,遊佐町,yuzamachi,ゆざまち,ユザマチ,12
401,福島市,fukushimashi,ふくしまし,フクシマシ,13
402,会津若松市,aiduwakamatsushi,あいづわかまつし,アイヅワカマツシ,13
403,郡山市,kooriyamashi,こおりやまし,コオリヤマシ,13
404,いわき市,iwakishi,いわきし,イワキシ,13
405,白河市,shirakawashi,しらかわし,シラカワシ,13
406,須賀川市,sukagawashi,すかがわし,スカガワシ,13
407,喜多方市,kitakatashi,きたかたし,キタカタシ,13
408,相馬市,soumashi,そうまし,ソウマシ,13
409,二本松市,nihonmatsushi,にほんまつし,ニホンマツシ,13
410,田村市,tamurashi,たむらし,タムラシ,13
411,南相馬市,minamisoumashi,みなみそうまし,ミナミソウマシ,13
412,伊達市,dateshi,だてし,ダテシ,13
413,本宮市,motomiyashi,もとみやし,モトミヤシ,13
414,桑折町,koorimachi,こおりまち,コオリマチ,13
415,国見町,kunimichou,くにみちょう,クニミチョウ,13
416,川俣町,kawamatachou,かわまたちょう,カワマタチョウ,13
417,大玉村,ootamamura,おおたまむら,オオタマムラ,13
418,鏡石町,kagamiishimachi,かがみいしまち,カガミイシマチ,13
419,天栄村,teneimura,てんえいむら,テンエイムラ,13
420,下郷町,shimogouchou,しもごうちょう,シモゴウチョウ,13
421,檜枝岐村,hinoematamura,ひのえまたむら,ヒノエマタムラ,13
422,只見町,tadamimachi,ただみまち,タダミマチ,13
423,南会津町,minamiaidumachi,みなみあいづまち,ミナミアイヅマチ,13
424,北塩原村,kitashiobaramura,きたしおばらむら,キタシオバラムラ,13
425,西会津町,nishiaidumachi,にしあいづまち,ニシアイヅマチ,13
426,磐梯町,bandaimachi,ばんだいまち,バンダイマチ,13
427,猪苗代町,inawashiromachi,いなわしろまち,イナワシロマチ,13
428,会津坂下町,aidubangemachi,あいづばんげまち,アイヅバンゲマチ,13
429,湯川村,yugawamura,ゆがわむら,ユガワムラ,13
430,柳津町,yanaiduchou,やないづちょう,ヤナイヅチョウ,13
431,三島町,mishimamachi,みしままち,ミシママチ,13
432,金山町,kanayamachou,かなやまちょう,カナヤマチョウ,13
433,昭和村,shouwamura,しょうわむら,ショウワムラ,13
434,会津美里町,aidumisatomachi,あいづみさとまち,アイヅミサトマチ,13
435,西郷村,nishigoumura,にしごうむら,ニシゴウムラ,13
436,泉崎村,izumizakimura,いずみざきむら,イズミザキムラ,13
437,中島村,nakajimamura,なかじまむら,ナカジマムラ,13
438,矢吹町,yabukimachi,やぶきまち,ヤブキマチ,13
439,棚倉町,tanaguramachi,たなぐらまち,タナグラマチ,13
440,矢祭町,yamatsurimachi,やまつりまち,ヤマツリマチ,13
441,塙町,hanawachou,はなわちょう,ハナワチョウ,13
442,鮫川村,samegawamura,さめがわむら,サメガワムラ,13
443,石川町,ishikawamachi,いしかわまち,イシカワマチ,13
444,玉川村,tamakawamura,たまかわむら,タマカワムラ,13
445,平田村,hiratamura,ひらたむら,ヒラタムラ,13
446,浅川町,asakawamachi,あさかわまち,アサカワマチ,13
447,古殿町,furudonomachi,ふるどのまち,フルドノマチ,13
448,三春町,miharumachi,みはるまち,ミハルマチ,13
449,小野町,onomachi,おのまち,オノマチ,13
450,広野町,hironochou,ひろのちょう,ヒロノチョウ,13
451,楢葉町,narahamachi,ならはまち,ナラハマチ,13
452,富岡町,tomiokamachi,とみおかまち,トミオカマチ,13
453,川内村,kawauchimura,かわうちむら,カワウチムラ,13
454,大熊町,ookumamachi,おおくままち,オオクママチ,13
455,双葉町,futabachou,ふたばちょう,フタバチョウ,13
456,浪江町,namiemachi,なみえまち,ナミエマチ,13
457,葛尾村,katsuraomura,かつらおむら,カツラオムラ,13
458,新地町,shinchimachi,しんちまち,シンチマチ,13
459,飯舘村,iitatemura,いいたてむら,イイタテムラ,13
460,水戸市,mitoshi,みとし,ミトシ,14
461,日立市,hitachishi,ひたちし,ヒタチシ,14
462,土浦市,tsuchiurashi,つちうらし,ツチウラシ,14
463,古河市,kogashi,こがし,コガシ,14
464,石岡市,ishiokashi,いしおかし,イシオカシ,14
465,結城市,yuukishi,ゆうきし,ユウキシ,14
466,龍ケ崎市,ryuugasakishi,りゅうがさきし,リュウガサキシ,14
467,下妻市,shimotsumashi,しもつまし,シモツマシ,14
468,常総市,jousoushi,じょうそうし,ジョウソウシ,14
469,常陸太田市,hitachiootashi,ひたちおおたし,ヒタチオオタシ,14
470,高萩市,takahagishi,たかはぎし,タカハギシ,14
471,北茨城市,kitaibarakishi,きたいばらきし,キタイバラキシ,14
472,笠間市,kasamashi,かさまし,カサマシ,14
473,取手市,torideshi,とりでし,トリデシ,14
474,牛久市,ushikushi,うしくし,ウシクシ,14
475,つくば市,tsukubashi,つくばし,ツクバシ,14
476,ひたちなか市,hitachinakashi,ひたちなかし,ヒタチナカシ,14
477,鹿嶋市,kashimashi,かしまし,カシマシ,14
478,潮来市,itakoshi,いたこし,イタコシ,14
479,守谷市,moriyashi,もりやし,モリヤシ,14
480,常陸大宮市,hitachioomiyashi,ひたちおおみやし,ヒタチオオミヤシ,14
481,那珂市,nakashi,なかし,ナカシ,14
482,筑西市,chikuseishi,ちくせいし,チクセイシ,14
483,坂東市,bandoushi,ばんどうし,バンドウシ,14
484,稲敷市,inashikishi,いなしきし,イナシキシ,14
485,かすみがうら市,kasumigaurashi,かすみがうらし,カスミガウラシ,14
486,桜川市,sakuragawashi,さくらがわし,サクラガワシ,14
487,神栖市,kamisushi,かみすし,カミスシ,14
488,行方市,namegatashi,なめがたし,ナメガタシ,14
489,鉾田市,hokotashi,ほこたし,ホコタシ,14
490,つくばみらい市,tsukubamiraishi,つくばみらいし,ツクバミライシ,14
491,小美玉市,omitamashi,おみたまし,オミタマシ,14
492,茨城町,ibarakimachi,いばらきまち,イバラキマチ,14
493,大洗町,ooaraimachi,おおあらいまち,オオアライマチ,14
494,城里町,shirosatomachi,しろさとまち,シロサトマチ,14
495,東海村,toukaimura,とうかいむら,トウカイムラ,14
496,大子町,daigomachi,だいごまち,ダイゴマチ,14
497,美浦村,mihomura,みほむら,ミホムラ,14
498,阿見町,amimachi,あみまち,アミマチ,14
499,河内町,kouchichou,こうちちょう,コウチチョウ,14
500,八千代町,yachiyochou,やちよちょう,ヤチヨチョウ,14
501,五霞町,gokamachi,ごかまち,ゴカマチ,14
502,境町,sakaimachi,さかいまち,サカイマチ,14
503,利根町,tonemachi,とねまち,トネマチ,14
504,宇都宮市,utsunomiyashi,うつのみやし,ウツノミヤシ,15
505,足利市,ashikagashi,あしかがし,アシカガシ,15
506,栃木市,tochigishi,とちぎし,トチギシ,15
507,佐野市,sanoshi,さのし,サノシ,15
508,鹿沼市,kanumashi,かぬまし,カヌマシ,15
509,日光市,nikkoushi,にっこうし,ニッコウシ,15
510,小山市,oyamashi,おやまし,オヤマシ,15
511,真岡市,mookashi,もおかし,モオカシ,15
512,大田原市,ootawarashi,おおたわらし,オオタワラシ,15
513,矢板市,yaitashi,やいたし,ヤイタシ,15
514,那須塩原市,nasushiobarashi,なすしおばらし,ナスシオバラシ,15
515,さくら市,sakurashi,さくらし,サクラシ,15
516,那須烏山市,nasukarasuyamashi,なすからすやまし,ナスカラスヤマシ,15
517,下野市,shimotsukeshi,しもつけし,シモツケシ,15
518,上三川町,kaminokawamachi,かみのかわまち,カミノカワマチ,15
519,益子町,mashikomachi,ましこまち,マシコマチ,15
520,茂木町,mogimachi,もぎまち,モギマチ,15
521,市貝町,ichikaimachi,いちかいまち,イチカイマチ,15
522,芳賀町,hagamachi,はがまち,ハガマチ,15
523,壬生町,mibumachi,みぶまち,ミブマチ,15
524,野木町,nogimachi,のぎまち,ノギマチ,15
525,塩谷町,shioyachou,しおやちょう,シオヤチョウ,15
526,高根沢町,takanezawamachi,たかねざわまち,タカネザワマチ,15
527,那須町,nasumachi,なすまち,ナスマチ,15
528,那珂川町,nakagawamachi,なかがわまち,ナカガワマチ,15
529,前橋市,maebashishi,まえばしし,マエバシシ,16
530,高崎市,takasakishi,たかさきし,タカサキシ,16
531,桐生市,kiryuushi,きりゅうし,キリュウシ,16
532,伊勢崎市,isesakishi,いせさきし,イセサキシ,16
533,太田市,ootashi,おおたし,オオタシ,16
534,沼田市,numatashi,ぬまたし,ヌマタシ,16
535,館林市,tatebayashishi,たてばやしし,タテバヤシシ,16
536,渋川市,shibukawashi,しぶかわし,シブカワシ,16
537,藤岡市,fujiokashi,ふじおかし,フジオカシ,16
538,富岡市,tomiokashi,とみおかし,トミオカシ,16
539,安中市,annakashi,あんなかし,アンナカシ,16
540,みどり市,midorishi,みどりし,ミドリシ,16
541,榛東村,shintoumura,しんとうむら,シントウムラ,16
542,吉岡町,yoshiokachou,よしおかちょう,ヨシオカチョウ,16
543,上野村,uenomura,うえのむら,ウエノムラ,16
544,神流町,kannamachi,かんなまち,カンナマチ,16
545,下仁田町,shimonitamachi,しもにたまち,シモニタマチ,16
546,南牧村,nanmokumura,なんもくむら,ナンモクムラ,16
547,甘楽町,kanramachi,かんらまち,カンラマチ,16
548,中之条町,nakanojoumachi,なかのじょうまち,ナカノジョウマチ,16
549,長野原町,naganoharamachi,ながのはらまち,ナガノハラマチ,16
550,嬬恋村,tsumagoimura,つまごいむら,ツマゴイムラ,16
551,草津町,kusatsumachi,くさつまち,クサツマチ,16
552,高山村,takayamamura,たかやまむら,タカヤマムラ,16
553,東吾妻町,higashiagatsumamachi,ひがしあがつままち,ヒガシアガツママチ,16
554,片品村,katashinamura,かたしなむら,カタシナムラ,16
555,川場村,kawabamura,かわばむら,カワバムラ,16
556,昭和村,shouwamura,しょうわむら,ショウワムラ,16
557,みなかみ町,minakamimachi,みなかみまち,ミナカミマチ,16
558,玉村町,tamamuramachi,たまむらまち,タマムラマチ,16
559,板倉町,itakuramachi,いたくらまち,イタクラマチ,16
560,明和町,meiwachou,めいわちょう,メイワチョウ,16
561,千代田町,chiyodachou,ちよだちょう,チヨダチョウ,16
562,大泉町,ooizumimachi,おおいずみまち,オオイズミマチ,16
563,邑楽町,ouramachi,おうらまち,オウラマチ,16
564,さいたま市,saitamashi,さいたまし,サイタマシ,17
565,川越市,kawagoeshi,かわごえし,カワゴエシ,17
566,熊谷市,kumagayashi,くまがやし,クマガヤシ,17
567,川口市,kawaguchishi,かわぐちし,カワグチシ,17
568,行田市,gyoudashi,ぎょうだし,ギョウダシ,17
569,秩父市,chichibushi,ちちぶし,チチブシ,17
570,所沢市,tokorozawashi,ところざわし,トコロザワシ,17
571,飯能市,hannoushi,はんのうし,ハンノウシ,17
572,加須市,kazoshi,かぞし,カゾシ,17
573,本庄市,honjoushi,ほんじょうし,ホンジョウシ,17
574,東松山市,higashimatsuyamashi,ひがしまつやまし,ヒガシマツヤマシ,17
575,春日部市,kasukabeshi,かすかべし,カスカベシ,17
576,狭山市,sayamashi,さやまし,サヤマシ,17
577,羽生市,hanyuushi,はにゅうし,ハニュウシ,17
578,鴻巣市,kounosushi,こうのすし,コウノスシ,17
579,深谷市,fukayashi,ふかやし,フカヤシ,17
580,上尾市,ageoshi,あげおし,アゲオシ,17
581,草加市,soukashi,そうかし,ソウカシ,17
582,越谷市,koshigayashi,こしがやし,コシガヤシ,17
583,蕨市,warabishi,わらびし,ワラビシ,17
584,戸田市,todashi,とだし,トダシ,17
585,入間市,irumashi,いるまし,イルマシ,17
586,朝霞市,asakashi,あさかし,アサカシ,17
587,志木市,shikishi,しきし,シキシ,17
588,和光市,wakoushi,わこうし,ワコウシ,17
589,新座市,niizashi,にいざし,ニイザシ,17
590,桶川市,okegawashi,おけがわし,オケガワシ,17
591,久喜市,kukishi,くきし,クキシ,17
592,北本市,kitamotoshi,きたもとし,キタモトシ,17
593,八潮市,yashioshi,やしおし,ヤシオシ,17
594,富士見市,fujimishi,ふじみし,フジミシ,17
595,三郷市,misatoshi,みさとし,ミサトシ,17
596,蓮田市,hasudashi,はすだし,ハスダシ,17
597,坂戸市,sakadoshi,さかどし,サカドシ,17
598,幸手市,satteshi,さってし,サッテシ,17
599,鶴ヶ島市,tsurugashimashi,つるがしまし,ツルガシマシ,17
600,日高市,hidakashi,ひだかし,ヒダカシ,17
601,吉川市,yoshikawashi,よしかわし,ヨシカワシ,17
602,ふじみ野市,fujiminoshi,ふじみのし,フジミノシ,17
603,白岡市,shiraokashi,しらおかし,シラオカシ,17
604,伊奈町,inamachi,いなまち,イナマチ,17
605,三芳町,miyoshimachi,みよしまち,ミヨシマチ,17
606,毛呂山町,moroyamamachi,もろやままち,モロヤママチ,17
607,越生町,ogosemachi,おごせまち,オゴセマチ,17
608,滑川町,namegawamachi,なめがわまち,ナメガワマチ,17
609,嵐山町,arashiyamachou,あらしやまちょう,アラシヤマチョウ,17
610,小川町,ogawamachi,おがわまち,オガワマチ,17
611,川島町,kawashimachou,かわしまちょう,カワシマチョウ,17
612,吉見町,yoshimimachi,よしみまち,ヨシミマチ,17
613,鳩山町,hatoyamamachi,はとやままち,ハトヤママチ,17
614,ときがわ町,tokigawamachi,ときがわまち,トキガワマチ,17
615,横瀬町,yokozemachi,よこぜまち,ヨコゼマチ,17
616,皆野町,minanomachi,みなのまち,ミナノマチ,17
617,長瀞町,nagatoromachi,ながとろまち,ナガトロマチ,17
618,小鹿野町,oganomachi,おがのまち,オガノマチ,17
619,東秩父村,higashichichibumura,ひがしちちぶむら,ヒガシチチブムラ,17
620,美里町,misatochou,みさとちょう,ミサトチョウ,17
621,神川町,kamikawamachi,かみかわまち,カミカワマチ,17
622,上里町,kamisatomachi,かみさとまち,カミサトマチ,17
623,寄居町,yoriichou,よりいちょう,ヨリイチョウ,17
624,宮代町,miyashirochou,みやしろちょう,ミヤシロチョウ,17
625,杉戸町,sugitomachi,すぎとまち,スギトマチ,17
626,松伏町,matsubushimachi,まつぶしまち,マツブシマチ,17
627,千葉市,chibashi,ちばし,チバシ,18
628,銚子市,choushishi,ちょうしし,チョウシシ,18
629,市川市,ichikawashi,いちかわし,イチカワシ,18
630,船橋市,funabashishi,ふなばしし,フナバシシ,18
631,館山市,tateyamashi,たてやまし,タテヤマシ,18
632,木更津市,kisaradushi,きさらづし,キサラヅシ,18
633,松戸市,matsudoshi,まつどし,マツドシ,18
634,野田市,nodashi,のだし,ノダシ,18
635,茂原市,mobarashi,もばらし,モバラシ,18
636,成田市,naritashi,なりたし,ナリタシ,18
637,佐倉市,sakurashi,さくらし,サクラシ,18
638,東金市,touganeshi,とうがねし,トウガネシ,18
639,旭市,asahishi,あさひし,アサヒシ,18
640,習志野市,narashinoshi,ならしのし,ナラシノシ,18
641,柏市,kashiwashi,かしわし,カシワシ,18
642,勝浦市,katsuurashi,かつうらし,カツウラシ,18
643,市原市,ichiharashi,いちはらし,イチハラシ,18
644,流山市,nagareyamashi,ながれやまし,ナガレヤマシ,18
645,八千代市,yachiyoshi,やちよし,ヤチヨシ,18
646,我孫子市,abikoshi,あびこし,アビコシ,18
647,鴨川市,kamogawashi,かもがわし,カモガワシ,18
648,鎌ケ谷市,kamagayashi,かまがやし,カマガヤシ,18
649,君津市,kimitsushi,きみつし,キミツシ,18
650,富津市,futtsushi,ふっつし,フッツシ,18
651,浦安市,urayasushi,うらやすし,ウラヤスシ,18
652,四街道市,yotsukaidoushi,よつかいどうし,ヨツカイドウシ,18
653,袖ケ浦市,sodegaurashi,そでがうらし,ソデガウラシ,18
654,八街市,yachimatashi,やちまたし,ヤチマタシ,18
655,印西市,inzaishi,いんざいし,インザイシ,18
656,白井市,shiroishi,しろいし,シロイシ,18
657,富里市,tomisatoshi,とみさとし,トミサトシ,18
658,南房総市,minamibousoushi,みなみぼうそうし,ミナミボウソウシ,18
659,匝瑳市,sousashi,そうさし,ソウサシ,18
660,香取市,katorishi,かとりし,カトリシ,18
661,山武市,sanmushi,さんむし,サンムシ,18
662,いすみ市,isumishi,いすみし,イスミシ,18
663,大網白里市,ooamishirasatoshi,おおあみしらさとし,オオアミシラサトシ,18
664,酒々井町,shisuimachi,しすいまち,シスイマチ,18
665,栄町,sakaemachi,さかえまち,サカエマチ,18
666,神崎町,kanzakichou,かんざきちょう,カンザキチョウ,18
667,多古町,takomachi,たこまち,タコマチ,18
668,東庄町,tounoshoumachi,とうのしょうまち,トウノショウマチ,18
669,九十九里町,kujuukurimachi,くじゅうくりまち,クジュウクリマチ,18
670,芝山町,shibayamamachi,しばやままち,シバヤママチ,18
671,横芝光町,yokoshibahikarimachi,よこしばひかりまち,ヨコシバヒカリマチ,18
672,一宮町,ichinomiyachou,いちのみやちょう,イチノミヤチョウ,18
673,睦沢町,mutsuzawamachi,むつざわまち,ムツザワマチ,18
674,長生村,chouseimura,ちょうせいむら,チョウセイムラ,18
675,白子町,shirakochou,しらこちょう,シラコチョウ,18
676,長柄町,nagaechou,ながえちょう,ナガエチョウ,18
677,長南町,chounanmachi,ちょうなんまち,チョウナンマチ,18
678,大多喜町,ootakimachi,おおたきまち,オオタキマチ,18
679,御宿町,onjukumachi,おんじゅくまち,オンジュクマチ,18
680,鋸南町,kyonanmachi,きょなんまち,キョナンマチ,18
681,千代田区,chiyodaku,ちよだく,チヨダク,19
682,中央区,chuuouku,ちゅうおうく,チュウオウク,19
683,港区,minatoku,みなとく,ミナトク,19
684,新宿区,shinjukuku,しんじゅくく,シンジュクク,19
685,文京区,bunkyouku,ぶんきょうく,ブンキョウク,19
686,台東区,taitouku,たいとうく,タイトウク,19
687,墨田区,sumidaku,すみだく,スミダク,19
688,江東区,koutouku,こうとうく,コウトウク,19
689,品川区,shinagawaku,しながわく,シナガワク,19
690,目黒区,meguroku,めぐろく,メグロク,19
691,大田区,ootaku,おおたく,オオタク,19
692,世田谷区,setagayaku,せたがやく,セタガヤク,19
693,渋谷区,shibuyaku,しぶやく,シブヤク,19
694,中野区,nakanoku,なかのく,ナカノク,19
695,杉並区,suginamiku,すぎなみく,スギナミク,19
696,豊島区,toshimaku,としまく,トシマク,19
697,北区,kitaku,きたく,キタク,19
698,荒川区,arakawaku,あらかわく,アラカワク,19
699,板橋区,itabashiku,いたばしく,イタバシク,19
700,練馬区,nerimaku,ねりまく,ネリマク,19
701,足立区,adachiku,あだちく,アダチク,19
702,葛飾区,katsushikaku,かつしかく,カツシカク,19
703,江戸川区,edogawaku,えどがわく,エドガワク,19
704,八王子市,hachioujishi,はちおうじし,ハチオウジシ,19
705,立川市,tachikawashi,たちかわし,タチカワシ,19
706,武蔵野市,musashinoshi,むさしのし,ムサシノシ,19
707,三鷹市,mitakashi,みたかし,ミタカシ,19
708,青梅市,oumeshi,おうめし,オウメシ,19
709,府中市,fuchuushi,ふちゅうし,フチュウシ,19
710,昭島市,akishimashi,あきしまし,アキシマシ,19
711,調布市,choufushi,ちょうふし,チョウフシ,19
712,町田市,machidashi,まちだし,マチダシ,19
713,小金井市,koganeishi,こがねいし,コガネイシ,19
714,小平市,kodairashi,こだいらし,コダイラシ,19
715,日野市,hinoshi,ひのし,ヒノシ,19
716,東村山市,higashimurayamashi,ひがしむらやまし,ヒガシムラヤマシ,19
717,国分寺市,kokubunjishi,こくぶんじし,コクブンジシ,19
718,国立市,kunitachishi,くにたちし,クニタチシ,19
719,福生市,fussashi,ふっさし,フッサシ,19
720,狛江市,komaeshi,こまえし,コマエシ,19
721,東大和市,higashiyamatoshi,ひがしやまとし,ヒガシヤマトシ,19
722,清瀬市,kiyoseshi,きよせし,キヨセシ,19
723,東久留米市,higashikurumeshi,ひがしくるめし,ヒガシクルメシ,19
724,武蔵村山市,musashimurayamashi,むさしむらやまし,ムサシムラヤマシ,19
725,多摩市,tamashi,たまし,タマシ,19
726,稲城市,inagishi,いなぎし,イナギシ,19
727,羽村市,hamurashi,はむらし,ハムラシ,19
728,あきる野市,akirunoshi,あきるのし,アキルノシ,19
729,西東京市,nishitoukyoushi,にしとうきょうし,ニシトウキョウシ,19
730,瑞穂町,mizuhochou,みずほちょう,ミズホチョウ,19
731,日の出町,hinodemachi,ひのでまち,ヒノデマチ,19
732,檜原村,hinoharamura,ひのはらむら,ヒノハラムラ,19
733,奥多摩町,okutamamachi,おくたままち,オクタママチ,19
734,大島町,ooshimachou,おおしまちょう,オオシマチョウ,19
735,利島村,toshimamura,としまむら,トシマムラ,19
736,新島村,niijimamura,にいじまむら,ニイジマムラ,19
737,神津島村,koudushimamura,こうづしまむら,コウヅシマムラ,19
738,三宅村,miyakemura,みやけむら,ミヤケムラ,19
739,御蔵島村,mikurajimamura,みくらじまむら,ミクラジマムラ,19
740,八丈町,hachijoumachi,はちじょうまち,ハチジョウマチ,19
741,青ヶ島村,aogashimamura,あおがしまむら,アオガシマムラ,19
742,小笠原村,ogasawaramura,おがさわらむら,オガサワラムラ,19
743,横浜市,yokohamashi,よこはまし,ヨコハマシ,20
744,川崎市,kawasakishi,かわさきし,カワサキシ,20
745,相模原市,sagamiharashi,さがみはらし,サガミハラシ,20
746,横須賀市,yokosukashi,よこすかし,ヨコスカシ,20
747,平塚市,hiratsukashi,ひらつかし,ヒラツカシ,20
748,鎌倉市,kamakurashi,かまくらし,カマクラシ,20
749,藤沢市,fujisawashi,ふじさわし,フジサワシ,20
750,小田原市,odawarashi,おだわらし,オダワラシ,20
751,茅ヶ崎市,chigasakishi,ちがさきし,チガサキシ,20
752,逗子市,zushishi,ずしし,ズシシ,20
753,三浦市,miurashi,みうらし,ミウラシ,20
754,秦野市,hadanoshi,はだのし,ハダノシ,20
755,厚木市,atsugishi,あつぎし,アツギシ,20
756,大和市,yamatoshi,やまとし,ヤマトシ,20
757,伊勢原市,iseharashi,いせはらし,イセハラシ,20
758,海老名市,ebinashi,えびなし,エビナシ,20
759,座間市,zamashi,ざまし,ザマシ,20
760,南足柄市,minamiashigarashi,みなみあしがらし,ミナミアシガラシ,20
761,綾瀬市,ayaseshi,あやせし,アヤセシ,20
762,葉山町,hayamamachi,はやままち,ハヤママチ,20
763,寒川町,samukawamachi,さむかわまち,サムカワマチ,20
764,大磯町,ooisomachi,おおいそまち,オオイソマチ,20
765,二宮町,ninomiyamachi,にのみやまち,ニノミヤマチ,20
766,中井町,nakaimachi,なかいまち,ナカイマチ,20
767,大井町,ooimachi,おおいまち,オオイマチ,20
768,松田町,matsudamachi,まつだまち,マツダマチ,20
769,山北町,yamanokitachou,やまのきたちょう,ヤマノキタチョウ,20
770,開成町,kaiseimachi,かいせいまち,カイセイマチ,20
771,箱根町,hakonemachi,はこねまち,ハコネマチ,20
772,真鶴町,manadurumachi,まなづるまち,マナヅルマチ,20
773,湯河原町,yugawaramachi,ゆがわらまち,ユガワラマチ,20
774,愛川町,aikawamachi,あいかわまち,アイカワマチ,20
775,清川村,kiyokawamura,きよかわむら,キヨカワムラ,20
776,新潟市,niigatashi,にいがたし,ニイガタシ,21
777,長岡市,nagaokashi,ながおかし,ナガオカシ,21
778,三条市,sanjoushi,さんじょうし,サンジョウシ,21
779,柏崎市,kashiwazakishi,かしわざきし,カシワザキシ,21
780,新発田市,shibatashi,しばたし,シバタシ,21
781,小千谷市,odiyashi,おぢやし,オヂヤシ,21
782,加茂市,kamoshi,かもし,カモシ,21
783,十日町市,tookamachishi,とおかまちし,トオカマチシ,21
784,見附市,mitsukeshi,みつけし,ミツケシ,21
785,村上市,murakamishi,むらかみし,ムラカミシ,21
786,燕市,tsubameshi,つばめし,ツバメシ,21
787,糸魚川市,itoigawashi,いといがわし,イトイガワシ,21
788,妙高市,myoukoushi,みょうこうし,ミョウコウシ,21
789,五泉市,gosenshi,ごせんし,ゴセンシ,21
790,上越市,jouetsushi,じょうえつし,ジョウエツシ,21
791,阿賀野市,aganoshi,あがのし,アガノシ,21
792,佐渡市,sadoshi,さどし,サドシ,21
793,魚沼市,uonumashi,うおぬまし,ウオヌマシ,21
794,南魚沼市,minamiuonumashi,みなみうおぬまし,ミナミウオヌマシ,21
795,胎内市,tainaishi,たいないし,タイナイシ,21
796,聖籠町,seiroumachi,せいろうまち,セイロウマチ,21
797,弥彦村,yahikomura,やひこむら,ヤヒコムラ,21
798,田上町,tagamimachi,たがみまち,タガミマチ,21
799,阿賀町,agamachi,あがまち,アガマチ,21
800,出雲崎町,izumozakimachi,いずもざきまち,イズモザキマチ,21
801,湯沢町,yuzawamachi,ゆざわまち,ユザワマチ,21
802,津南町,tsunanmachi,つなんまち,ツナンマチ,21
803,刈羽村,kariwamura,かりわむら,カリワムラ,21
804,関川村,sekikawamura,せきかわむら,セキカワムラ,21
805,粟島浦村,awashimauramura,あわしまうらむら,アワシマウラムラ,21
806,富山市,toyamashi,とやまし,トヤマシ,22
807,高岡市,takaokashi,たかおかし,タカオカシ,22
808,魚津市,uodushi,うおづし,ウオヅシ,22
809,氷見市,himishi,ひみし,ヒミシ,22
810,滑川市,namerikawashi,なめりかわし,ナメリカワシ,22
811,黒部市,kurobeshi,くろべし,クロベシ,22
812,砺波市,tonamishi,となみし,トナミシ,22
813,小矢部市,oyabeshi,おやべし,オヤベシ,22
814,南砺市,nantoshi,なんとし,ナントシ,22
815,射水市,imizushi,いみずし,イミズシ,22
816,舟橋村,funahashimura,ふなはしむら,フナハシムラ,22
817,上市町,kamiichimachi,かみいちまち,カミイチマチ,22
818,立山町,tateyamamachi,たてやままち,タテヤママチ,22
819,入善町,nyuuzenmachi,にゅうぜんまち,ニュウゼンマチ,22
820,朝日町,asahimachi,あさひまち,アサヒマチ,23
821,金沢市,kanazawashi,かなざわし,カナザワシ,23
822,七尾市,nanaoshi,ななおし,ナナオシ,23
823,小松市,komatsushi,こまつし,コマツシ,23
824,輪島市,wajimashi,わじまし,ワジマシ,23
825,珠洲市,suzushi,すずし,スズシ,23
826,加賀市,kagashi,かがし,カガシ,23
827,羽咋市,hakuishi,はくいし,ハクイシ,23
828,かほく市,kahokushi,かほくし,カホクシ,23
829,白山市,hakusanshi,はくさんし,ハクサンシ,23
830,能美市,nomishi,のみし,ノミシ,23
831,野々市市,nonoichishi,ののいちし,ノノイチシ,23
832,川北町,kawakitamachi,かわきたまち,カワキタマチ,23
833,津幡町,tsubatamachi,つばたまち,ツバタマチ,23
834,内灘町,uchinadamachi,うちなだまち,ウチナダマチ,23
835,志賀町,shigachou,しがちょう,シガチョウ,23
836,宝達志水町,houdatsushimizuchou,ほうだつしみずちょう,ホウダツシミズチョウ,23
837,中能登町,nakanotomachi,なかのとまち,ナカノトマチ,23
838,穴水町,anamizumachi,あなみずまち,アナミズマチ,23
839,能登町,notochou,のとちょう,ノトチョウ,23
840,福井市,fukuishi,ふくいし,フクイシ,24
841,敦賀市,tsurugashi,つるがし,ツルガシ,24
842,小浜市,obamashi,おばまし,オバマシ,24
843,大野市,oonoshi,おおのし,オオノシ,24
844,勝山市,katsuyamashi,かつやまし,カツヤマシ,24
845,鯖江市,sabaeshi,さばえし,サバエシ,24
846,あわら市,awarashi,あわらし,アワラシ,24
847,越前市,echizenshi,えちぜんし,エチゼンシ,24
848,坂井市,sakaishi,さかいし,サカイシ,24
849,永平寺町,eiheijichou,えいへいじちょう,エイヘイジチョウ,24
850,池田町,ikedachou,いけだちょう,イケダチョウ,24
851,南越前町,minamiechizenchou,みなみえちぜんちょう,ミナミエチゼンチョウ,24
852,越前町,echizenchou,えちぜんちょう,エチゼンチョウ,24
853,美浜町,mihamachou,みはまちょう,ミハマチョウ,24
854,高浜町,takahamachou,たかはまちょう,タカハマチョウ,24
855,おおい町,ooichou,おおいちょう,オオイチョウ,24
856,若狭町,wakasachou,わかさちょう,ワカサチョウ,24
857,甲府市,koufushi,こうふし,コウフシ,25
858,富士吉田市,fujiyoshidashi,ふじよしだし,フジヨシダシ,25
859,都留市,tsurushi,つるし,ツルシ,25
860,山梨市,yamanashishi,やまなしし,ヤマナシシ,25
861,大月市,ootsukishi,おおつきし,オオツキシ,25
862,韮崎市,nirasakishi,にらさきし,ニラサキシ,25
863,南アルプス市,minamiarupusushi,みなみあるぷすし,ミナミアルプスシ,25
864,北杜市,hokutoshi,ほくとし,ホクトシ,25
865,甲斐市,kaishi,かいし,カイシ,25
866,笛吹市,fuefukishi,ふえふきし,フエフキシ,25
867,上野原市,uenoharashi,うえのはらし,ウエノハラシ,25
868,甲州市,koushuushi,こうしゅうし,コウシュウシ,25
869,中央市,chuuoushi,ちゅうおうし,チュウオウシ,25
870,市川三郷町,ichikawamisatochou,いちかわみさとちょう,イチカワミサトチョウ,25
871,早川町,hayakawachou,はやかわちょう,ハヤカワチョウ,25
872,身延町,minobuchou,みのぶちょう,ミノブチョウ,25
873,南部町,nanbumachi,なんぶまち,ナンブマチ,25
874,富士川町,fujikawachou,ふじかわちょう,フジカワチョウ,25
875,昭和町,shouwachou,しょうわちょう,ショウワチョウ,25
876,道志村,doushimura,どうしむら,ドウシムラ,25
877,西桂町,nishikatsurachou,にしかつらちょう,ニシカツラチョウ,25
878,忍野村,oshinomura,おしのむら,オシノムラ,25
879,山中湖村,yamanakakomura,やまなかこむら,ヤマナカコムラ,25
880,鳴沢村,narusawamura,なるさわむら,ナルサワムラ,25
881,富士河口湖町,fujikawaguchikomachi,ふじかわぐちこまち,フジカワグチコマチ,25
882,小菅村,kosugemura,こすげむら,コスゲムラ,25
883,丹波山村,tabayamamura,たばやまむら,タバヤマムラ,25
884,長野市,naganoshi,ながのし,ナガノシ,26
885,松本市,matsumotoshi,まつもとし,マツモトシ,26
886,上田市,uedashi,うえだし,ウエダシ,26
887,岡谷市,okayashi,おかやし,オカヤシ,26
888,飯田市,iidashi,いいだし,イイダシ,26
889,諏訪市,suwashi,すわし,スワシ,26
890,須坂市,suzakashi,すざかし,スザカシ,26
891,小諸市,komoroshi,こもろし,コモロシ,26
892,伊那市,inashi,いなし,イナシ,26
893,駒ヶ根市,komaganeshi,こまがねし,コマガネシ,26
894,中野市,nakanoshi,なかのし,ナカノシ,26
895,大町市,oomachishi,おおまちし,オオマチシ,26
896,飯山市,iiyamashi,いいやまし,イイヤマシ,26
897,茅野市,chinoshi,ちのし,チノシ,26
898,塩尻市,shiojirishi,しおじりし,シオジリシ,26
899,佐久市,sakushi,さくし,サクシ,26
900,千曲市,chikumashi,ちくまし,チクマシ,26
901,東御市,toumishi,とうみし,トウミシ,26
902,安曇野市,aduminoshi,あづみのし,アヅミノシ,26
903,小海町,koumimachi,こうみまち,コウミマチ,26
904,川上村,kawauemura,かわうえむら,カワウエムラ,26
905,南牧村,nanmokumura,なんもくむら,ナンモクムラ,26
906,南相木村,minamiaikimura,みなみあいきむら,ミナミアイキムラ,26
907,北相木村,kitaaikimura,きたあいきむら,キタアイキムラ,26
908,佐久穂町,sakuhomachi,さくほまち,サクホマチ,26
909,軽井沢町,karuizawamachi,かるいざわまち,カルイザワマチ,26
910,御代田町,miyotamachi,みよたまち,ミヨタマチ,26
911,立科町,tateshinamachi,たてしなまち,タテシナマチ,26
912,青木村,aokimura,あおきむら,アオキムラ,26
913,長和町,nagawamachi,ながわまち,ナガワマチ,26
914,下諏訪町,shimosuwamachi,しもすわまち,シモスワマチ,26
915,富士見町,fujimimachi,ふじみまち,フジミマチ,26
916,原村,haramura,はらむら,ハラムラ,26
917,辰野町,tatsunomachi,たつのまち,タツノマチ,26
918,箕輪町,minowamachi,みのわまち,ミノワマチ,26
919,飯島町,iijimachou,いいじまちょう,イイジマチョウ,26
920,南箕輪村,minamiminowamura,みなみみのわむら,ミナミミノワムラ,26
921,中川村,nakagawamura,なかがわむら,ナカガワムラ,26
922,宮田村,miyadamura,みやだむら,ミヤダムラ,26
923,松川町,matsukawamachi,まつかわまち,マツカワマチ,26
924,高森町,takamorimachi,たかもりまち,タカモリマチ,26
925,阿南町,ananchou,あなんちょう,アナンチョウ,26
926,阿智村,achimura,あちむら,アチムラ,26
927,平谷村,hirayamura,ひらやむら,ヒラヤムラ,26
928,根羽村,nebamura,ねばむら,ネバムラ,26
929,下條村,shimojoumura,しもじょうむら,シモジョウムラ,26
930,売木村,urugimura,うるぎむら,ウルギムラ,26
931,天龍村,tenryuumura,てんりゅうむら,テンリュウムラ,26
932,泰阜村,yasuokamura,やすおかむら,ヤスオカムラ,26
933,喬木村,takagimura,たかぎむら,タカギムラ,26
934,豊丘村,toyookamura,とよおかむら,トヨオカムラ,26
935,大鹿村,ooshikamura,おおしかむら,オオシカムラ,26
936,上松町,agematsumachi,あげまつまち,アゲマツマチ,26
937,南木曽町,nagisomachi,なぎそまち,ナギソマチ,26
938,木祖村,kisomura,きそむら,キソムラ,26
939,王滝村,outakimura,おうたきむら,オウタキムラ,26
940,大桑村,ookuwamura,おおくわむら,オオクワムラ,26
941,木曽町,kisomachi,きそまち,キソマチ,26
942,麻績村,omimura,おみむら,オミムラ,26
943,生坂村,ikusakamura,いくさかむら,イクサカムラ,26
944,山形村,yamagatamura,やまがたむら,ヤマガタムラ,26
945,朝日村,asahimura,あさひむら,アサヒムラ,26
946,筑北村,chikuhokumura,ちくほくむら,チクホクムラ,26
947,池田町,ikedachou,いけだちょう,イケダチョウ,26
948,松川村,matsukawamura,まつかわむら,マツカワムラ,26
949,白馬村,hakubamura,はくばむら,ハクバムラ,26
950,小谷村,otarimura,おたりむら,オタリムラ,26
951,坂城町,sakakimachi,さかきまち,サカキマチ,26
952,小布施町,obusemachi,おぶせまち,オブセマチ,26
953,高山村,takayamamura,たかやまむら,タカヤマムラ,26
954,山ノ内町,yamanouchimachi,やまのうちまち,ヤマノウチマチ,26
955,木島平村,kijimadairamura,きじまだいらむら,キジマダイラムラ,26
956,野沢温泉村,nozawaonsenmura,のざわおんせんむら,ノザワオンセンムラ,26
957,信濃町,shinanomachi,しなのまち,シナノマチ,26
958,小川村,ogawamura,おがわむら,オガワムラ,26
959,飯綱町,iidunamachi,いいづなまち,イイヅナマチ,26
960,栄村,sakaemura,さかえむら,サカエムラ,26
961,岐阜市,gifushi,ぎふし,ギフシ,27
962,大垣市,oogakishi,おおがきし,オオガキシ,27
963,高山市,takayamashi,たかやまし,タカヤマシ,27
964,多治見市,tajimishi,たじみし,タジミシ,27
965,関市,sekishi,せきし,セキシ,27
966,中津川市,nakatsugawashi,なかつがわし,ナカツガワシ,27
967,美濃市,minoshi,みのし,ミノシ,27
968,瑞浪市,mizunamishi,みずなみし,ミズナミシ,27
969,羽島市,hashimashi,はしまし,ハシマシ,27
970,恵那市,enashi,えなし,エナシ,27
971,美濃加茂市,minokamoshi,みのかもし,ミノカモシ,27
972,土岐市,tokishi,ときし,トキシ,27
973,各務原市,kakamigaharashi,かかみがはらし,カカミガハラシ,27
974,可児市,kanishi,かにし,カニシ,27
975,山県市,yamagatashi,やまがたし,ヤマガタシ,27
976,瑞穂市,mizuhoshi,みずほし,ミズホシ,27
977,飛騨市,hidashi,ひだし,ヒダシ,27
978,本巣市,motosushi,もとすし,モトスシ,27
979,郡上市,gujoushi,ぐじょうし,グジョウシ,27
980,下呂市,geroshi,げろし,ゲロシ,27
981,海津市,kaidushi,かいづし,カイヅシ,27
982,岐南町,kinanchou,きなんちょう,キナンチョウ,27
983,笠松町,kasamatsuchou,かさまつちょう,カサマツチョウ,27
984,養老町,yourouchou,ようろうちょう,ヨウロウチョウ,27
985,垂井町,taruichou,たるいちょう,タルイチョウ,27
986,関ケ原町,sekigaharachou,せきがはらちょう,セキガハラチョウ,27
987,神戸町,kanbechou,かんべちょう,カンベチョウ,27
988,輪之内町,wanouchichou,わのうちちょう,ワノウチチョウ,27
989,安八町,anpachichou,あんぱちちょう,アンパチチョウ,27
990,揖斐川町,ibigawachou,いびがわちょう,イビガワチョウ,27
991,大野町,oonochou,おおのちょう,オオノチョウ,27
992,池田町,ikedachou,いけだちょう,イケダチョウ,27
993,北方町,kitagatachou,きたがたちょう,キタガタチョウ,27
994,坂祝町,sakahogichou,さかほぎちょう,サカホギチョウ,27
995,富加町,tomikachou,とみかちょう,トミカチョウ,27
996,川辺町,kawabemachi,かわべまち,カワベマチ,27
997,七宗町,hichisouchou,ひちそうちょう,ヒチソウチョウ,27
998,八百津町,yaotsuchou,やおつちょう,ヤオツチョウ,27
999,白川町,shirakawachou,しらかわちょう,シラカワチョウ,27
1000,東白川村,higashishirakawamura,ひがししらかわむら,ヒガシシラカワムラ,27
1001,御嵩町,mitakechou,みたけちょう,ミタケチョウ,27
1002,白川村,shirakawamura,しらかわむら,シラカワムラ,27
1003,静岡市,shizuokashi,しずおかし,シズオカシ,28
1004,浜松市,hamamatsushi,はままつし,ハママツシ,28
1005,沼津市,numadushi,ぬまづし,ヌマヅシ,28
1006,熱海市,atamishi,あたみし,アタミシ,28
1007,三島市,mishimashi,みしまし,ミシマシ,28
1008,富士宮市,fujinomiyashi,ふじのみやし,フジノミヤシ,28
1009,伊東市,itoushi,いとうし,イトウシ,28
1010,島田市,shimadashi,しまだし,シマダシ,28
1011,富士市,fujishi,ふじし,フジシ,28
1012,磐田市,iwatashi,いわたし,イワタシ,28
1013,焼津市,yaidushi,やいづし,ヤイヅシ,28
1014,掛川市,kakegawashi,かけがわし,カケガワシ,28
1015,藤枝市,fujiedashi,ふじえだし,フジエダシ,28
1016,御殿場市,gotenbashi,ごてんばし,ゴテンバシ,28
1017,袋井市,fukuroishi,ふくろいし,フクロイシ,28
1018,下田市,shimodashi,しもだし,シモダシ,28
1019,裾野市,susonoshi,すそのし,スソノシ,28
1020,湖西市,kosaishi,こさいし,コサイシ,28
1021,伊豆市,izushi,いずし,イズシ,28
1022,御前崎市,omaezakishi,おまえざきし,オマエザキシ,28
1023,菊川市,kikugawashi,きくがわし,キクガワシ,28
1024,伊豆の国市,izunokunishi,いずのくにし,イズノクニシ,28
1025,牧之原市,makinoharashi,まきのはらし,マキノハラシ,28
1026,東伊豆町,higashiizuchou,ひがしいずちょう,ヒガシイズチョウ,28
1027,河津町,kawaduchou,かわづちょう,カワヅチョウ,28
1028,南伊豆町,minamiizuchou,みなみいずちょう,ミナミイズチョウ,28
1029,松崎町,matsuzakichou,まつざきちょう,マツザキチョウ,28
1030,西伊豆町,nishiizuchou,にしいずちょう,ニシイズチョウ,28
1031,函南町,kannamichou,かんなみちょう,カンナミチョウ,28
1032,清水町,shimizuchou,しみずちょう,シミズチョウ,28
1033,長泉町,nagaizumichou,ながいずみちょう,ナガイズミチョウ,28
1034,小山町,koyamachou,こやまちょう,コヤマチョウ,28
1035,吉田町,yoshidachou,よしだちょう,ヨシダチョウ,28
1036,川根本町,kawanehonchou,かわねほんちょう,カワネホンチョウ,28
1037,森町,morimachi,もりまち,モリマチ,28
1038,名古屋市,nagoyashi,なごやし,ナゴヤシ,29
1039,豊橋市,toyohashishi,とよはしし,トヨハシシ,29
1040,岡崎市,okazakishi,おかざきし,オカザキシ,29
1041,一宮市,ichinomiyashi,いちのみやし,イチノミヤシ,29
1042,瀬戸市,setoshi,せとし,セトシ,29
1043,半田市,handashi,はんだし,ハンダシ,29
1044,春日井市,kasugaishi,かすがいし,カスガイシ,29
1045,豊川市,toyokawashi,とよかわし,トヨカワシ,29
1046,津島市,tsushimashi,つしまし,ツシマシ,29
1047,碧南市,hekinanshi,へきなんし,ヘキナンシ,29
1048,刈谷市,kariyashi,かりやし,カリヤシ,29
1049,豊田市,toyotashi,とよたし,トヨタシ,29
1050,安城市,anjoushi,あんじょうし,アンジョウシ,29
1051,西尾市,nishioshi,にしおし,ニシオシ,29
1052,蒲郡市,gamagoorishi,がまごおりし,ガマゴオリシ,29
1053,犬山市,inuyamashi,いぬやまし,イヌヤマシ,29
1054,常滑市,tokonameshi,とこなめし,トコナメシ,29
1055,江南市,kounanshi,こうなんし,コウナンシ,29
1056,小牧市,komakishi,こまきし,コマキシ,29
1057,稲沢市,inazawashi,いなざわし,イナザワシ,29
1058,新城市,shinshiroshi,しんしろし,シンシロシ,29
1059,東海市,toukaishi,とうかいし,トウカイシ,29
1060,大府市,oobushi,おおぶし,オオブシ,29
1061,知多市,chitashi,ちたし,チタシ,29
1062,知立市,chiryuushi,ちりゅうし,チリュウシ,29
1063,尾張旭市,owariasahishi,おわりあさひし,オワリアサヒシ,29
1064,高浜市,takahamashi,たかはまし,タカハマシ,29
1065,岩倉市,iwakurashi,いわくらし,イワクラシ,29
1066,豊明市,toyoakeshi,とよあけし,トヨアケシ,29
1067,日進市,nisshinshi,にっしんし,ニッシンシ,29
1068,田原市,taharashi,たはらし,タハラシ,29
1069,愛西市,aisaishi,あいさいし,アイサイシ,29
1070,清須市,kiyosushi,きよすし,キヨスシ,29
1071,北名古屋市,kitanagoyashi,きたなごやし,キタナゴヤシ,29
1072,弥富市,yatomishi,やとみし,ヤトミシ,29
1073,みよし市,miyoshishi,みよしし,ミヨシシ,29
1074,あま市,amashi,あまし,アマシ,29
1075,長久手市,nagakuteshi,ながくてし,ナガクテシ,29
1076,東郷町,tougouchou,とうごうちょう,トウゴウチョウ,29
1077,豊山町,toyoyamachou,とよやまちょう,トヨヤマチョウ,29
1078,大口町,ookuchichou,おおくちちょう,オオクチチョウ,29
1079,扶桑町,fusouchou,ふそうちょう,フソウチョウ,29
1080,大治町,ooharuchou,おおはるちょう,オオハルチョウ,29
1081,蟹江町,kaniechou,かにえちょう,カニエチョウ,29
1082,飛島村,tobishimamura,とびしまむら,トビシマムラ,29
1083,阿久比町,aguichou,あぐいちょう,アグイチョウ,29
1084,東浦町,higashiurachou,ひがしうらちょう,ヒガシウラチョウ,29
1085,南知多町,minamichitachou,みなみちたちょう,ミナミチタチョウ,29
1086,美浜町,mihamachou,みはまちょう,ミハマチョウ,29
1087,武豊町,taketoyochou,たけとよちょう,タケトヨチョウ,29
1088,幸田町,koutachou,こうたちょう,コウタチョウ,29
1089,設楽町,shitarachou,したらちょう,シタラチョウ,29
1090,東栄町,toueichou,とうえいちょう,トウエイチョウ,29
1091,豊根村,toyonemura,とよねむら,トヨネムラ,29
1092,津市,tsushi,つし,ツシ,30
1093,四日市市,yokkaichishi,よっかいちし,ヨッカイチシ,30
1094,伊勢市,iseshi,いせし,イセシ,30
1095,松阪市,matsusakashi,まつさかし,マツサカシ,30
1096,桑名市,kuwanashi,くわなし,クワナシ,30
1097,鈴鹿市,suzukashi,すずかし,スズカシ,30
1098,名張市,nabarishi,なばりし,ナバリシ,30
1099,尾鷲市,owaseshi,おわせし,オワセシ,30
1100,亀山市,kameyamashi,かめやまし,カメヤマシ,30
1101,鳥羽市,tobashi,とばし,トバシ,30
1102,熊野市,kumanoshi,くまのし,クマノシ,30
1103,いなべ市,inabeshi,いなべし,イナベシ,30
1104,志摩市,shimashi,しまし,シマシ,30
1105,伊賀市,igashi,いがし,イガシ,30
1106,木曽岬町,kisosakichou,きそさきちょう,キソサキチョウ,30
1107,東員町,touinchou,とういんちょう,トウインチョウ,30
1108,菰野町,komonochou,こものちょう,コモノチョウ,30
1109,朝日町,asahimachi,あさひまち,アサヒマチ,30
1110,川越町,kawagoshichou,かわごしちょう,カワゴシチョウ,30
1111,多気町,takichou,たきちょう,タキチョウ,30
1112,明和町,meiwachou,めいわちょう,メイワチョウ,30
1113,大台町,oodaichou,おおだいちょう,オオダイチョウ,30
1114,玉城町,tamakichou,たまきちょう,タマキチョウ,30
1115,度会町,wataraichou,わたらいちょう,ワタライチョウ,30
1116,大紀町,taikichou,たいきちょう,タイキチョウ,30
1117,南伊勢町,minamiisechou,みなみいせちょう,ミナミイセチョウ,30
1118,紀北町,kihokuchou,きほくちょう,キホクチョウ,30
1119,御浜町,mihamachou,みはまちょう,ミハマチョウ,30
1120,紀宝町,kihouchou,きほうちょう,キホウチョウ,30
1121,大津市,ootsushi,おおつし,オオツシ,31
1122,彦根市,hikoneshi,ひこねし,ヒコネシ,31
1123,長浜市,nagahamashi,ながはまし,ナガハマシ,31
1124,近江八幡市,oumihachimanshi,おうみはちまんし,オウミハチマンシ,31
1125,草津市,kusatsushi,くさつし,クサツシ,31
1126,守山市,moriyamashi,もりやまし,モリヤマシ,31
1127,栗東市,rittoushi,りっとうし,リットウシ,31
1128,甲賀市,koukashi,こうかし,コウカシ,31
1129,野洲市,yasushi,やすし,ヤスシ,31
1130,湖南市,konanshi,こなんし,コナンシ,31
1131,高島市,takashimashi,たかしまし,タカシマシ,31
1132,東近江市,higashioumishi,ひがしおうみし,ヒガシオウミシ,31
1133,米原市,maibarashi,まいばらし,マイバラシ,31
1134,日野町,hinochou,ひのちょう,ヒノチョウ,31
1135,竜王町,ryuuouchou,りゅうおうちょう,リュウオウチョウ,31
1136,愛荘町,aishouchou,あいしょうちょう,アイショウチョウ,31
1137,豊郷町,toyosatochou,とよさとちょう,トヨサトチョウ,31
1138,甲良町,kourachou,こうらちょう,コウラチョウ,31
1139,多賀町,tagachou,たがちょう,タガチョウ,31
1140,京都市,kyoutoshi,きょうとし,キョウトシ,32
1141,福知山市,fukuchiyamashi,ふくちやまし,フクチヤマシ,32
1142,舞鶴市,maidurushi,まいづるし,マイヅルシ,32
1143,綾部市,ayabeshi,あやべし,アヤベシ,32
1144,宇治市,ujishi,うじし,ウジシ,32
1145,宮津市,miyadushi,みやづし,ミヤヅシ,32
1146,亀岡市,kameokashi,かめおかし,カメオカシ,32
1147,城陽市,jouyoushi,じょうようし,ジョウヨウシ,32
1148,向日市,mukoushi,むこうし,ムコウシ,32
1149,長岡京市,nagaokakyoushi,ながおかきょうし,ナガオカキョウシ,32
1150,八幡市,yawatashi,やわたし,ヤワタシ,32
1151,京田辺市,kyoutanabeshi,きょうたなべし,キョウタナベシ,32
1152,京丹後市,kyoutangoshi,きょうたんごし,キョウタンゴシ,32
1153,南丹市,nantanshi,なんたんし,ナンタンシ,32
1154,木津川市,kidugawashi,きづがわし,キヅガワシ,32
1155,大山崎町,ooyamazakichou,おおやまざきちょう,オオヤマザキチョウ,32
1156,久御山町,kumiyamachou,くみやまちょう,クミヤマチョウ,32
1157,井手町,idechou,いでちょう,イデチョウ,32
1158,宇治田原町,ujitawarachou,うじたわらちょう,ウジタワラチョウ,32
1159,笠置町,kasagichou,かさぎちょう,カサギチョウ,32
1160,和束町,wadukachou,わづかちょう,ワヅカチョウ,32
1161,精華町,seikachou,せいかちょう,セイカチョウ,32
1162,南山城村,minamiyamashiromura,みなみやましろむら,ミナミヤマシロムラ,32
1163,京丹波町,kyoutanbachou,きょうたんばちょう,キョウタンバチョウ,32
1164,伊根町,inechou,いねちょう,イネチョウ,32
1165,与謝野町,yosanochou,よさのちょう,ヨサノチョウ,33
1166,大阪市,oosakashi,おおさかし,オオサカシ,33
1167,堺市,sakaishi,さかいし,サカイシ,33
1168,岸和田市,kishiwadashi,きしわだし,キシワダシ,33
1169,豊中市,toyonakashi,とよなかし,トヨナカシ,33
1170,池田市,ikedashi,いけだし,イケダシ,33
1171,吹田市,suitashi,すいたし,スイタシ,33
1172,泉大津市,izumiootsushi,いずみおおつし,イズミオオツシ,33
1173,高槻市,takatsukishi,たかつきし,タカツキシ,33
1174,貝塚市,kaidukashi,かいづかし,カイヅカシ,33
1175,守口市,moriguchishi,もりぐちし,モリグチシ,33
1176,枚方市,hirakatashi,ひらかたし,ヒラカタシ,33
1177,茨木市,ibarakishi,いばらきし,イバラキシ,33
1178,八尾市,yaoshi,やおし,ヤオシ,33
1179,泉佐野市,izumisanoshi,いずみさのし,イズミサノシ,33
1180,富田林市,tondabayashishi,とんだばやしし,トンダバヤシシ,33
1181,寝屋川市,neyagawashi,ねやがわし,ネヤガワシ,33
1182,河内長野市,kawachinaganoshi,かわちながのし,カワチナガノシ,33
1183,松原市,matsubarashi,まつばらし,マツバラシ,33
1184,大東市,daitoushi,だいとうし,ダイトウシ,33
1185,和泉市,izumishi,いずみし,イズミシ,33
1186,箕面市,minooshi,みのおし,ミノオシ,33
1187,柏原市,kashiwarashi,かしわらし,カシワラシ,33
1188,羽曳野市,habikinoshi,はびきのし,ハビキノシ,33
1189,門真市,kadomashi,かどまし,カドマシ,33
1190,摂津市,settsushi,せっつし,セッツシ,33
1191,高石市,takaishishi,たかいしし,タカイシシ,33
1192,藤井寺市,fujiiderashi,ふじいでらし,フジイデラシ,33
1193,東大阪市,higashioosakashi,ひがしおおさかし,ヒガシオオサカシ,33
1194,泉南市,sennanshi,せんなんし,センナンシ,33
1195,四條畷市,shijounawateshi,しじょうなわてし,シジョウナワテシ,33
1196,交野市,katanoshi,かたのし,カタノシ,33
1197,大阪狭山市,oosakasayamashi,おおさかさやまし,オオサカサヤマシ,33
1198,阪南市,hannanshi,はんなんし,ハンナンシ,33
1199,島本町,shimamotochou,しまもとちょう,シマモトチョウ,33
1200,豊能町,toyonochou,とよのちょう,トヨノチョウ,33
1201,能勢町,nosechou,のせちょう,ノセチョウ,33
1202,忠岡町,tadaokachou,ただおかちょう,タダオカチョウ,33
1203,熊取町,kumatorichou,くまとりちょう,クマトリチョウ,33
1204,田尻町,tajirichou,たじりちょう,タジリチョウ,33
1205,岬町,misakichou,みさきちょう,ミサキチョウ,33
1206,太子町,taishichou,たいしちょう,タイシチョウ,33
1207,河南町,kananchou,かなんちょう,カナンチョウ,33
1208,千早赤阪村,chihayaakasakamura,ちはやあかさかむら,チハヤアカサカムラ,33
1209,神戸市,koubeshi,こうべし,コウベシ,34
1210,姫路市,himejishi,ひめじし,ヒメジシ,34
1211,尼崎市,amagasakishi,あまがさきし,アマガサキシ,34
1212,明石市,akashishi,あかしし,アカシシ,34
1213,西宮市,nishinomiyashi,にしのみやし,ニシノミヤシ,34
1214,洲本市,sumotoshi,すもとし,スモトシ,34
1215,芦屋市,ashiyashi,あしやし,アシヤシ,34
1216,伊丹市,itamishi,いたみし,イタミシ,34
1217,相生市,aioishi,あいおいし,アイオイシ,34
1218,豊岡市,toyookashi,とよおかし,トヨオカシ,34
1219,加古川市,kakogawashi,かこがわし,カコガワシ,34
1220,赤穂市,akoushi,あこうし,アコウシ,34
1221,西脇市,nishiwakishi,にしわきし,ニシワキシ,34
1222,宝塚市,takaradukashi,たからづかし,タカラヅカシ,34
1223,三木市,mikishi,みきし,ミキシ,34
1224,高砂市,takasagoshi,たかさごし,タカサゴシ,34
1225,川西市,kawanishishi,かわにしし,カワニシシ,34
1226,小野市,onoichi,おのいち,オノイチ,34
1227,三田市,sandashi,さんだし,サンダシ,34
1228,加西市,kasaishi,かさいし,カサイシ,34
1229,丹波篠山市,tanbasasayamashi,たんばささやまし,タンバササヤマシ,34
1230,養父市,yabushi,やぶし,ヤブシ,34
1231,丹波市,tanbashi,たんばし,タンバシ,34
1232,南あわじ市,minamiawajishi,みなみあわじし,ミナミアワジシ,34
1233,朝来市,asagoshi,あさごし,アサゴシ,34
1234,淡路市,awajishi,あわじし,アワジシ,34
1235,宍粟市,shisoushi,しそうし,シソウシ,34
1236,加東市,katoushi,かとうし,カトウシ,34
1237,たつの市,tatsunoshi,たつのし,タツノシ,34
1238,猪名川町,inagawachou,いながわちょう,イナガワチョウ,34
1239,多可町,takachou,たかちょう,タカチョウ,34
1240,稲美町,inamichou,いなみちょう,イナミチョウ,34
1241,播磨町,harimachou,はりまちょう,ハリマチョウ,34
1242,市川町,ichikawamachi,いちかわまち,イチカワマチ,34
1243,福崎町,fukusakichou,ふくさきちょう,フクサキチョウ,34
1244,神河町,kamikawachou,かみかわちょう,カミカワチョウ,34
1245,太子町,taishichou,たいしちょう,タイシチョウ,34
1246,上郡町,kamigoorichou,かみごおりちょう,カミゴオリチョウ,34
1247,佐用町,sayouchou,さようちょう,サヨウチョウ,34
1248,香美町,kamichou,かみちょう,カミチョウ,34
1249,新温泉町,shinonsenchou,しんおんせんちょう,シンオンセンチョウ,34
1250,奈良市,narashi,ならし,ナラシ,35
1251,大和高田市,yamatotakadashi,やまとたかだし,ヤマトタカダシ,35
1252,大和郡山市,yamatokooriyamashi,やまとこおりやまし,ヤマトコオリヤマシ,35
1253,天理市,tenrishi,てんりし,テンリシ,35
1254,橿原市,kashiharashi,かしはらし,カシハラシ,35
1255,桜井市,sakuraishi,さくらいし,サクライシ,35
1256,五條市,gojoushi,ごじょうし,ゴジョウシ,35
1257,御所市,goseshi,ごせし,ゴセシ,35
1258,生駒市,ikomashi,いこまし,イコマシ,35
1259,香芝市,kashibashi,かしばし,カシバシ,35
1260,葛城市,katsuragishi,かつらぎし,カツラギシ,35
1261,宇陀市,udashi,うだし,ウダシ,35
1262,山添村,yamazoemura,やまぞえむら,ヤマゾエムラ,35
1263,平群町,hegurichou,へぐりちょう,ヘグリチョウ,35
1264,三郷町,sangouchou,さんごうちょう,サンゴウチョウ,35
1265,斑鳩町,ikarugachou,いかるがちょう,イカルガチョウ,35
1266,安堵町,andochou,あんどちょう,アンドチョウ,35
1267,川西町,kawanishichou,かわにしちょう,カワニシチョウ,35
1268,三宅町,miyakechou,みやけちょう,ミヤケチョウ,35
1269,田原本町,taharahonchou,たはらほんちょう,タハラホンチョウ,35
1270,曽爾村,sonimura,そにむら,ソニムラ,35
1271,御杖村,mitsuemura,みつえむら,ミツエムラ,35
1272,高取町,takatorichou,たかとりちょう,タカトリチョウ,35
1273,明日香村,asukamura,あすかむら,アスカムラ,35
1274,上牧町,kamimakimachi,かみまきまち,カミマキマチ,35
1275,王寺町,oujichou,おうじちょう,オウジチョウ,35
1276,広陵町,kouryouchou,こうりょうちょう,コウリョウチョウ,35
1277,河合町,kawaichou,かわいちょう,カワイチョウ,35
1278,吉野町,yoshinochou,よしのちょう,ヨシノチョウ,35
1279,大淀町,ooyodochou,おおよどちょう,オオヨドチョウ,35
1280,下市町,shimoichichou,しもいちちょう,シモイチチョウ,35
1281,黒滝村,kurotakimura,くろたきむら,クロタキムラ,35
1282,天川村,tenkawamura,てんかわむら,テンカワムラ,35
1283,野迫川村,nosegawamura,のせがわむら,ノセガワムラ,35
1284,十津川村,totsukawamura,とつかわむら,トツカワムラ,35
1285,下北山村,shimokitayamamura,しもきたやまむら,シモキタヤマムラ,35
1286,上北山村,kamikitayamamura,かみきたやまむら,カミキタヤマムラ,35
1287,川上村,kawauemura,かわうえむら,カワウエムラ,35
1288,東吉野村,higashiyoshinomura,ひがしよしのむら,ヒガシヨシノムラ,35
1289,和歌山市,wakayamashi,わかやまし,ワカヤマシ,36
1290,海南市,kainanshi,かいなんし,カイナンシ,36
1291,橋本市,hashimotoshi,はしもとし,ハシモトシ,36
1292,有田市,aridashi,ありだし,アリダシ,36
1293,御坊市,goboushi,ごぼうし,ゴボウシ,36
1294,田辺市,tanabeshi,たなべし,タナベシ,36
1295,新宮市,shinguushi,しんぐうし,シングウシ,36
1296,紀の川市,kinokawashi,きのかわし,キノカワシ,36
1297,岩出市,iwadeshi,いわでし,イワデシ,36
1298,紀美野町,kiminochou,きみのちょう,キミノチョウ,36
1299,かつらぎ町,katsuragichou,かつらぎちょう,カツラギチョウ,36
1300,九度山町,kudoyamachou,くどやまちょう,クドヤマチョウ,36
1301,高野町,takanomachi,たかのまち,タカノマチ,36
1302,湯浅町,yuasachou,ゆあさちょう,ユアサチョウ,36
1303,広川町,hirokawachou,ひろかわちょう,ヒロカワチョウ,36
1304,有田川町,aridagawachou,ありだがわちょう,アリダガワチョウ,36
1305,美浜町,mihamachou,みはまちょう,ミハマチョウ,36
1306,日高町,hidakachou,ひだかちょう,ヒダカチョウ,36
1307,由良町,yurachou,ゆらちょう,ユラチョウ,36
1308,印南町,inamichou,いなみちょう,イナミチョウ,36
1309,みなべ町,minabechou,みなべちょう,ミナベチョウ,36
1310,日高川町,hidakagawachou,ひだかがわちょう,ヒダカガワチョウ,36
1311,白浜町,shirahamachou,しらはまちょう,シラハマチョウ,36
1312,上富田町,kamitondachou,かみとんだちょう,カミトンダチョウ,36
1313,すさみ町,susamichou,すさみちょう,スサミチョウ,36
1314,那智勝浦町,nachikatsuurachou,なちかつうらちょう,ナチカツウラチョウ,36
1315,太地町,taijichou,たいじちょう,タイジチョウ,36
1316,古座川町,kozagawachou,こざがわちょう,コザガワチョウ,36
1317,北山村,kitayamamura,きたやまむら,キタヤマムラ,36
1318,串本町,kushimotochou,くしもとちょう,クシモトチョウ,36
1319,鳥取市,tottorishi,とっとりし,トットリシ,37
1320,米子市,yonagoshi,よなごし,ヨナゴシ,37
1321,倉吉市,kurayoshishi,くらよしし,クラヨシシ,37
1322,境港市,sakaiminatoshi,さかいみなとし,サカイミナトシ,37
1323,岩美町,iwamimachi,いわみまち,イワミマチ,37
1324,若桜町,wakasachou,わかさちょう,ワカサチョウ,37
1325,智頭町,chiduchou,ちづちょう,チヅチョウ,37
1326,八頭町,yazuchou,やずちょう,ヤズチョウ,37
1327,三朝町,misasachou,みささちょう,ミササチョウ,37
1328,湯梨浜町,yurihamachou,ゆりはまちょう,ユリハマチョウ,37
1329,琴浦町,kotourachou,ことうらちょう,コトウラチョウ,37
1330,北栄町,hokueichou,ほくえいちょう,ホクエイチョウ,37
1331,日吉津村,hieduson,ひえづそん,ヒエヅソン,37
1332,大山町,daisenchou,だいせんちょう,ダイセンチョウ,37
1333,南部町,nanbumachi,なんぶまち,ナンブマチ,37
1334,伯耆町,houkichou,ほうきちょう,ホウキチョウ,37
1335,日南町,nichinanchou,にちなんちょう,ニチナンチョウ,37
1336,日野町,hinochou,ひのちょう,ヒノチョウ,37
1337,江府町,koufuchou,こうふちょう,コウフチョウ,37
1338,松江市,matsueshi,まつえし,マツエシ,38
1339,浜田市,hamadashi,はまだし,ハマダシ,38
1340,出雲市,izumoshi,いずもし,イズモシ,38
1341,益田市,masudashi,ますだし,マスダシ,38
1342,大田市,oodashi,おおだし,オオダシ,38
1343,安来市,yasugishi,やすぎし,ヤスギシ,38
1344,江津市,goutsushi,ごうつし,ゴウツシ,38
1345,雲南市,unnanshi,うんなんし,ウンナンシ,38
1346,奥出雲町,okuizumochou,おくいずもちょう,オクイズモチョウ,38
1347,飯南町,iinanchou,いいなんちょう,イイナンチョウ,38
1348,川本町,kawamotomachi,かわもとまち,カワモトマチ,38
1349,美郷町,misatochou,みさとちょう,ミサトチョウ,38
1350,邑南町,oonanchou,おおなんちょう,オオナンチョウ,38
1351,津和野町,tsuwanochou,つわのちょう,ツワノチョウ,38
1352,吉賀町,yoshikachou,よしかちょう,ヨシカチョウ,38
1353,海士町,amachou,あまちょう,アマチョウ,38
1354,西ノ島町,nishinoshimachou,にしのしまちょう,ニシノシマチョウ,38
1355,知夫村,chibumura,ちぶむら,チブムラ,38
1356,隠岐の島町,okinoshimachou,おきのしまちょう,オキノシマチョウ,38
1357,岡山市,okayamashi,おかやまし,オカヤマシ,39
1358,倉敷市,kurashikishi,くらしきし,クラシキシ,39
1359,津山市,tsuyamashi,つやまし,ツヤマシ,39
1360,玉野市,tamanoshi,たまのし,タマノシ,39
1361,笠岡市,kasaokashi,かさおかし,カサオカシ,39
1362,井原市,ibarashi,いばらし,イバラシ,39
1363,総社市,soujashi,そうじゃし,ソウジャシ,39
1364,高梁市,takahashishi,たかはしし,タカハシシ,39
1365,新見市,niimishi,にいみし,ニイミシ,39
1366,備前市,bizenshi,びぜんし,ビゼンシ,39
1367,瀬戸内市,setouchishi,せとうちし,セトウチシ,39
1368,赤磐市,akaiwashi,あかいわし,アカイワシ,39
1369,真庭市,maniwashi,まにわし,マニワシ,39
1370,美作市,mimasakashi,みまさかし,ミマサカシ,39
1371,浅口市,asakuchishi,あさくちし,アサクチシ,39
1372,和気町,wakichou,わきちょう,ワキチョウ,39
1373,早島町,hayashimachou,はやしまちょう,ハヤシマチョウ,39
1374,里庄町,satoshouchou,さとしょうちょう,サトショウチョウ,39
1375,矢掛町,yakagechou,やかげちょう,ヤカゲチョウ,39
1376,新庄村,shinjouson,しんじょうそん,シンジョウソン,39
1377,鏡野町,kagaminochou,かがみのちょう,カガミノチョウ,39
1378,勝央町,shououchou,しょうおうちょう,ショウオウチョウ,39
1379,奈義町,nagichou,なぎちょう,ナギチョウ,39
1380,西粟倉村,nishiawakurason,にしあわくらそん,ニシアワクラソン,39
1381,久米南町,kumenanchou,くめなんちょう,クメナンチョウ,39
1382,美咲町,misakichou,みさきちょう,ミサキチョウ,39
1383,吉備中央町,kibichuuouchou,きびちゅうおうちょう,キビチュウオウチョウ,39
1384,広島市,hiroshimashi,ひろしまし,ヒロシマシ,40
1385,呉市,kureshi,くれし,クレシ,40
1386,竹原市,takeharashi,たけはらし,タケハラシ,40
1387,三原市,miharashi,みはらし,ミハラシ,40
1388,尾道市,onomichishi,おのみちし,オノミチシ,40
1389,福山市,fukuyamashi,ふくやまし,フクヤマシ,40
1390,府中市,fuchuushi,ふちゅうし,フチュウシ,40
1391,三次市,miyoshishi,みよしし,ミヨシシ,40
1392,庄原市,shoubarashi,しょうばらし,ショウバラシ,40
1393,大竹市,ootakeshi,おおたけし,オオタケシ,40
1394,東広島市,higashihiroshimashi,ひがしひろしまし,ヒガシヒロシマシ,40
1395,廿日市市,hatsukaichishi,はつかいちし,ハツカイチシ,40
1396,安芸高田市,akitakatashi,あきたかたし,アキタカタシ,40
1397,江田島市,etajimashi,えたじまし,エタジマシ,40
1398,府中町,fuchuuchou,ふちゅうちょう,フチュウチョウ,40
1399,海田町,kaitachou,かいたちょう,カイタチョウ,40
1400,熊野町,kumanochou,くまのちょう,クマノチョウ,40
1401,坂町,sakachou,さかちょう,サカチョウ,40
1402,安芸太田町,akiootachou,あきおおたちょう,アキオオタチョウ,40
1403,北広島町,kitahiroshimachou,きたひろしまちょう,キタヒロシマチョウ,40
1404,大崎上島町,oosakikamijimachou,おおさきかみじまちょう,オオサキカミジマチョウ,40
1405,世羅町,serachou,せらちょう,セラチョウ,40
1406,神石高原町,jinsekikougenchou,じんせきこうげんちょう,ジンセキコウゲンチョウ,40
1407,下関市,shimonosekishi,しものせきし,シモノセキシ,41
1408,宇部市,ubeshi,うべし,ウベシ,41
1409,山口市,yamaguchishi,やまぐちし,ヤマグチシ,41
1410,萩市,hagishi,はぎし,ハギシ,41
1411,防府市,houfushi,ほうふし,ホウフシ,41
1412,下松市,kudamatsushi,くだまつし,クダマツシ,41
1413,岩国市,iwakunishi,いわくにし,イワクニシ,41
1414,光市,hikarishi,ひかりし,ヒカリシ,41
1415,長門市,nagatoshi,ながとし,ナガトシ,41
1416,柳井市,yanaishi,やないし,ヤナイシ,41
1417,美祢市,mineshi,みねし,ミネシ,41
1418,周南市,shuunanshi,しゅうなんし,シュウナンシ,41
1419,山陽小野田市,sanyouonodashi,さんようおのだし,サンヨウオノダシ,41
1420,周防大島町,suouooshimachou,すおうおおしまちょう,スオウオオシマチョウ,41
1421,和木町,wagichou,わぎちょう,ワギチョウ,41
1422,上関町,kaminosekichou,かみのせきちょう,カミノセキチョウ,41
1423,田布施町,tabusechou,たぶせちょう,タブセチョウ,41
1424,平生町,hiraomachi,ひらおまち,ヒラオマチ,41
1425,阿武町,abuchou,あぶちょう,アブチョウ,41
1426,徳島市,tokushimashi,とくしまし,トクシマシ,42
1427,鳴門市,narutoshi,なるとし,ナルトシ,42
1428,小松島市,komatsushimashi,こまつしまし,コマツシマシ,42
1429,阿南市,ananshi,あなんし,アナンシ,42
1430,吉野川市,yoshinogawashi,よしのがわし,ヨシノガワシ,42
1431,阿波市,awashi,あわし,アワシ,42
1432,美馬市,mimashi,みまし,ミマシ,42
1433,三好市,miyoshishi,みよしし,ミヨシシ,42
1434,勝浦町,katsuurachou,かつうらちょう,カツウラチョウ,42
1435,上勝町,kamikatsuchou,かみかつちょう,カミカツチョウ,42
1436,佐那河内村,sanagouchison,さなごうちそん,サナゴウチソン,42
1437,石井町,ishiichou,いしいちょう,イシイチョウ,42
1438,神山町,kamiyamachou,かみやまちょう,カミヤマチョウ,42
1439,那賀町,nakachou,なかちょう,ナカチョウ,42
1440,牟岐町,mugichou,むぎちょう,ムギチョウ,42
1441,美波町,minamichou,みなみちょう,ミナミチョウ,42
1442,海陽町,kaiyouchou,かいようちょう,カイヨウチョウ,42
1443,松茂町,matsushigechou,まつしげちょう,マツシゲチョウ,42
1444,北島町,kitajimachou,きたじまちょう,キタジマチョウ,42
1445,藍住町,aizumichou,あいずみちょう,アイズミチョウ,42
1446,板野町,itanochou,いたのちょう,イタノチョウ,42
1447,上板町,kamiitachou,かみいたちょう,カミイタチョウ,42
1448,つるぎ町,tsurugichou,つるぎちょう,ツルギチョウ,42
1449,東みよし町,higashimiyoshichou,ひがしみよしちょう,ヒガシミヨシチョウ,42
1450,高松市,takamatsushi,たかまつし,タカマツシ,43
1451,丸亀市,marugameshi,まるがめし,マルガメシ,43
1452,坂出市,sakaideshi,さかいでし,サカイデシ,43
1453,善通寺市,zentsuujishi,ぜんつうじし,ゼンツウジシ,43
1454,観音寺市,kanonjishi,かんおんじし,カンオンジシ,43
1455,さぬき市,sanukishi,さぬきし,サヌキシ,43
1456,東かがわ市,higashikagawashi,ひがしかがわし,ヒガシカガワシ,43
1457,三豊市,mitoyoshi,みとよし,ミトヨシ,43
1458,土庄町,tonoshouchou,とのしょうちょう,トノショウチョウ,43
1459,小豆島町,shoudoshimachou,しょうどしまちょう,ショウドシマチョウ,43
1460,三木町,mikimachi,みきまち,ミキマチ,43
1461,直島町,naoshimachou,なおしまちょう,ナオシマチョウ,43
1462,宇多津町,utaduchou,うたづちょう,ウタヅチョウ,43
1463,綾川町,ayagawachou,あやがわちょう,アヤガワチョウ,43
1464,琴平町,kotohirachou,ことひらちょう,コトヒラチョウ,43
1465,多度津町,tadotsuchou,たどつちょう,タドツチョウ,43
1466,まんのう町,mannouchou,まんのうちょう,マンノウチョウ,43
1467,松山市,matsuyamashi,まつやまし,マツヤマシ,44
1468,今治市,imabarishi,いまばりし,イマバリシ,44
1469,宇和島市,uwajimashi,うわじまし,ウワジマシ,44
1470,八幡浜市,yawatahamashi,やわたはまし,ヤワタハマシ,44
1471,新居浜市,niihamashi,にいはまし,ニイハマシ,44
1472,西条市,saijoushi,さいじょうし,サイジョウシ,44
1473,大洲市,oozushi,おおずし,オオズシ,44
1474,伊予市,iyoshi,いよし,イヨシ,44
1475,四国中央市,shikokuchuuoushi,しこくちゅうおうし,シコクチュウオウシ,44
1476,西予市,seiyoshi,せいよし,セイヨシ,44
1477,東温市,touonshi,とうおんし,トウオンシ,44
1478,上島町,kamijimachou,かみじまちょう,カミジマチョウ,44
1479,久万高原町,kumakougenchou,くまこうげんちょう,クマコウゲンチョウ,44
1480,松前町,matsumaechou,まつまえちょう,マツマエチョウ,44
1481,砥部町,tobechou,とべちょう,トベチョウ,44
1482,内子町,uchikochou,うちこちょう,ウチコチョウ,44
1483,伊方町,ikatachou,いかたちょう,イカタチョウ,44
1484,松野町,matsunochou,まつのちょう,マツノチョウ,44
1485,鬼北町,kihokuchou,きほくちょう,キホクチョウ,44
1486,愛南町,ainanchou,あいなんちょう,アイナンチョウ,44
1487,高知市,kouchishi,こうちし,コウチシ,45
1488,室戸市,murotoshi,むろとし,ムロトシ,45
1489,安芸市,akishi,あきし,アキシ,45
1490,南国市,nankokushi,なんこくし,ナンコクシ,45
1491,土佐市,tosashi,とさし,トサシ,45
1492,須崎市,susakishi,すさきし,スサキシ,45
1493,宿毛市,sukumoshi,すくもし,スクモシ,45
1494,土佐清水市,tosashimizushi,とさしみずし,トサシミズシ,45
1495,四万十市,shimantoshi,しまんとし,シマントシ,45
1496,香南市,kounanshi,こうなんし,コウナンシ,45
1497,香美市,kamishi,かみし,カミシ,45
1498,東洋町,touyouchou,とうようちょう,トウヨウチョウ,45
1499,奈半利町,naharichou,なはりちょう,ナハリチョウ,45
1500,田野町,tanochou,たのちょう,タノチョウ,45
1501,安田町,yasudachou,やすだちょう,ヤスダチョウ,45
1502,北川村,kitagawamura,きたがわむら,キタガワムラ,45
1503,馬路村,umajimura,うまじむら,ウマジムラ,45
1504,芸西村,geiseimura,げいせいむら,ゲイセイムラ,45
1505,本山町,motoyamachou,もとやまちょう,モトヤマチョウ,45
1506,大豊町,ootoyochou,おおとよちょう,オオトヨチョウ,45
1507,土佐町,tosachou,とさちょう,トサチョウ,45
1508,大川村,ookawamura,おおかわむら,オオカワムラ,45
1509,いの町,inochou,いのちょう,イノチョウ,45
1510,仁淀川町,niyodogawachou,によどがわちょう,ニヨドガワチョウ,45
1511,中土佐町,nakatosachou,なかとさちょう,ナカトサチョウ,45
1512,佐川町,sagawachou,さがわちょう,サガワチョウ,45
1513,越知町,ochichou,おちちょう,オチチョウ,45
1514,梼原町,yusuharachou,ゆすはらちょう,ユスハラチョウ,45
1515,日高村,hidakamura,ひだかむら,ヒダカムラ,45
1516,津野町,tsunochou,つのちょう,ツノチョウ,45
1517,四万十町,shimantochou,しまんとちょう,シマントチョウ,45
1518,大月町,ootsukichou,おおつきちょう,オオツキチョウ,45
1519,三原村,miharamura,みはらむら,ミハラムラ,45
1520,黒潮町,kuroshiochou,くろしおちょう,クロシオチョウ,45
1521,北九州市,kitakyuushuushi,きたきゅうしゅうし,キタキュウシュウシ,46
1522,福岡市,fukuokashi,ふくおかし,フクオカシ,46
1523,大牟田市,oomutashi,おおむたし,オオムタシ,46
1524,久留米市,kurumeshi,くるめし,クルメシ,46
1525,直方市,noogatashi,のおがたし,ノオガタシ,46
1526,飯塚市,iidukashi,いいづかし,イイヅカシ,46
1527,田川市,tagawashi,たがわし,タガワシ,46
1528,柳川市,yanagawashi,やながわし,ヤナガワシ,46
1529,八女市,yameshi,やめし,ヤメシ,46
1530,筑後市,chikugoshi,ちくごし,チクゴシ,46
1531,大川市,ookawashi,おおかわし,オオカワシ,46
1532,行橋市,yukuhashishi,ゆくはしし,ユクハシシ,46
1533,豊前市,buzenshi,ぶぜんし,ブゼンシ,46
1534,中間市,nakamashi,なかまし,ナカマシ,46
1535,小郡市,ogoorishi,おごおりし,オゴオリシ,46
1536,筑紫野市,chikushinoshi,ちくしのし,チクシノシ,46
1537,春日市,kasugashi,かすがし,カスガシ,46
1538,大野城市,oonojoushi,おおのじょうし,オオノジョウシ,46
1539,宗像市,munakatashi,むなかたし,ムナカタシ,46
1540,太宰府市,dazaifushi,だざいふし,ダザイフシ,46
1541,古賀市,kogashi,こがし,コガシ,46
1542,福津市,fukutsushi,ふくつし,フクツシ,46
1543,うきは市,ukihashi,うきはし,ウキハシ,46
1544,宮若市,miyawakashi,みやわかし,ミヤワカシ,46
1545,嘉麻市,kamashi,かまし,カマシ,46
1546,朝倉市,asakurashi,あさくらし,アサクラシ,46
1547,みやま市,miyamashi,みやまし,ミヤマシ,46
1548,糸島市,itoshimashi,いとしまし,イトシマシ,46
1549,那珂川市,nakagawashi,なかがわし,ナカガワシ,46
1550,宇美町,umimachi,うみまち,ウミマチ,46
1551,篠栗町,sasagurimachi,ささぐりまち,ササグリマチ,46
1552,志免町,shimemachi,しめまち,シメマチ,46
1553,須恵町,suemachi,すえまち,スエマチ,46
1554,新宮町,shinguuchou,しんぐうちょう,シングウチョウ,46
1555,久山町,kuyamamachi,くやままち,クヤママチ,46
1556,粕屋町,kasuyamachi,かすやまち,カスヤマチ,46
1557,芦屋町,ashiyamachi,あしやまち,アシヤマチ,46
1558,水巻町,mizumakimachi,みずまきまち,ミズマキマチ,46
1559,岡垣町,okagakimachi,おかがきまち,オカガキマチ,46
1560,遠賀町,ongachou,おんがちょう,オンガチョウ,46
1561,小竹町,kotakemachi,こたけまち,コタケマチ,46
1562,鞍手町,kuratemachi,くらてまち,クラテマチ,46
1563,桂川町,keisenmachi,けいせんまち,ケイセンマチ,46
1564,筑前町,chikuzenmachi,ちくぜんまち,チクゼンマチ,46
1565,東峰村,touhoumura,とうほうむら,トウホウムラ,46
1566,大刀洗町,tachiaraimachi,たちあらいまち,タチアライマチ,46
1567,大木町,oogichou,おおぎちょう,オオギチョウ,46
1568,広川町,hirokawachou,ひろかわちょう,ヒロカワチョウ,46
1569,香春町,kawaramachi,かわらまち,カワラマチ,46
1570,添田町,soedamachi,そえだまち,ソエダマチ,46
1571,糸田町,itodamachi,いとだまち,イトダマチ,46
1572,川崎町,kawasakimachi,かわさきまち,カワサキマチ,46
1573,大任町,ootoumachi,おおとうまち,オオトウマチ,46
1574,赤村,akamura,あかむら,アカムラ,46
1575,福智町,fukuchimachi,ふくちまち,フクチマチ,46
1576,苅田町,kandachou,かんだちょう,カンダチョウ,46
1577,みやこ町,miyakomachi,みやこまち,ミヤコマチ,46
1578,吉富町,yoshitomimachi,よしとみまち,ヨシトミマチ,46
1579,上毛町,kougemachi,こうげまち,コウゲマチ,46
1580,築上町,chikujoumachi,ちくじょうまち,チクジョウマチ,46
1581,佐賀市,sagashi,さがし,サガシ,47
1582,唐津市,karatsushi,からつし,カラツシ,47
1583,鳥栖市,tosushi,とすし,トスシ,47
1584,多久市,takushi,たくし,タクシ,47
1585,伊万里市,imarishi,いまりし,イマリシ,47
1586,武雄市,takeoshi,たけおし,タケオシ,47
1587,鹿島市,kashimashi,かしまし,カシマシ,47
1588,小城市,ogishi,おぎし,オギシ,47
1589,嬉野市,ureshinoshi,うれしのし,ウレシノシ,47
1590,神埼市,kanzakishi,かんざきし,カンザキシ,47
1591,吉野ヶ里町,yoshinogarichou,よしのがりちょう,ヨシノガリチョウ,47
1592,基山町,kiyamachou,きやまちょう,キヤマチョウ,47
1593,上峰町,kamiminechou,かみみねちょう,カミミネチョウ,47
1594,みやき町,miyakichou,みやきちょう,ミヤキチョウ,47
1595,玄海町,genkaichou,げんかいちょう,ゲンカイチョウ,47
1596,有田町,aritachou,ありたちょう,アリタチョウ,47
1597,大町町,oomachichou,おおまちちょう,オオマチチョウ,47
1598,江北町,kouhokumachi,こうほくまち,コウホクマチ,47
1599,白石町,shiraishichou,しらいしちょう,シライシチョウ,47
1600,太良町,tarachou,たらちょう,タラチョウ,47
1601,長崎市,nagasakishi,ながさきし,ナガサキシ,48
1602,佐世保市,saseboshi,させぼし,サセボシ,48
1603,島原市,shimabarashi,しまばらし,シマバラシ,48
1604,諫早市,isahayashi,いさはやし,イサハヤシ,48
1605,大村市,oomurashi,おおむらし,オオムラシ,48
1606,平戸市,hiradoshi,ひらどし,ヒラドシ,48
1607,松浦市,matsuurashi,まつうらし,マツウラシ,48
1608,対馬市,tsushimashi,つしまし,ツシマシ,48
1609,壱岐市,ikishi,いきし,イキシ,48
1610,五島市,gotoushi,ごとうし,ゴトウシ,48
1611,西海市,saikaishi,さいかいし,サイカイシ,48
1612,雲仙市,unzenshi,うんぜんし,ウンゼンシ,48
1613,南島原市,minamishimabarashi,みなみしまばらし,ミナミシマバラシ,48
1614,長与町,nagayochou,ながよちょう,ナガヨチョウ,48
1615,時津町,togitsuchou,とぎつちょう,トギツチョウ,48
1616,東彼杵町,higashisonogichou,ひがしそのぎちょう,ヒガシソノギチョウ,48
1617,川棚町,kawatanachou,かわたなちょう,カワタナチョウ,48
1618,波佐見町,hasamichou,はさみちょう,ハサミチョウ,48
1619,小値賀町,odikachou,おぢかちょう,オヂカチョウ,48
1620,佐々町,sazachou,さざちょう,サザチョウ,48
1621,新上五島町,shinkamigotouchou,しんかみごとうちょう,シンカミゴトウチョウ,48
1622,熊本市,kumamotoshi,くまもとし,クマモトシ,49
1623,八代市,yatsushiroshi,やつしろし,ヤツシロシ,49
1624,人吉市,hitoyoshishi,ひとよしし,ヒトヨシシ,49
1625,荒尾市,araoshi,あらおし,アラオシ,49
1626,水俣市,minamatashi,みなまたし,ミナマタシ,49
1627,玉名市,tamanashi,たまなし,タマナシ,49
1628,山鹿市,yamagashi,やまがし,ヤマガシ,49
1629,菊池市,kikuchishi,きくちし,キクチシ,49
1630,宇土市,utoshi,うとし,ウトシ,49
1631,上天草市,kamiamakusashi,かみあまくさし,カミアマクサシ,49
1632,宇城市,ukishi,うきし,ウキシ,49
1633,阿蘇市,asoshi,あそし,アソシ,49
1634,天草市,amakusashi,あまくさし,アマクサシ,49
1635,合志市,koushishi,こうしし,コウシシ,49
1636,美里町,misatochou,みさとちょう,ミサトチョウ,49
1637,玉東町,gyokutoumachi,ぎょくとうまち,ギョクトウマチ,49
1638,南関町,nankanmachi,なんかんまち,ナンカンマチ,49
1639,長洲町,nagasumachi,ながすまち,ナガスマチ,49
1640,和水町,nagomimachi,なごみまち,ナゴミマチ,49
1641,大津町,ootsuchou,おおつちょう,オオツチョウ,49
1642,菊陽町,kikuyoumachi,きくようまち,キクヨウマチ,49
1643,南小国町,minamiogunimachi,みなみおぐにまち,ミナミオグニマチ,49
1644,小国町,ogunimachi,おぐにまち,オグニマチ,49
1645,産山村,ubuyamamura,うぶやまむら,ウブヤマムラ,49
1646,高森町,takamorimachi,たかもりまち,タカモリマチ,49
1647,西原村,nishiharamura,にしはらむら,ニシハラムラ,49
1648,南阿蘇村,minamiasomura,みなみあそむら,ミナミアソムラ,49
1649,御船町,mifunemachi,みふねまち,ミフネマチ,49
1650,嘉島町,kashimamachi,かしままち,カシママチ,49
1651,益城町,mashikimachi,ましきまち,マシキマチ,49
1652,甲佐町,kousamachi,こうさまち,コウサマチ,49
1653,山都町,yamatomachi,やまとまち,ヤマトマチ,49
1654,氷川町,hikawachou,ひかわちょう,ヒカワチョウ,49
1655,芦北町,ashikitamachi,あしきたまち,アシキタマチ,49
1656,津奈木町,tsunagimachi,つなぎまち,ツナギマチ,49
1657,錦町,nishikichou,にしきちょう,ニシキチョウ,49
1658,多良木町,taragimachi,たらぎまち,タラギマチ,49
1659,湯前町,yunomaemachi,ゆのまえまち,ユノマエマチ,49
1660,水上村,mizukamimura,みずかみむら,ミズカミムラ,49
1661,相良村,sagaramura,さがらむら,サガラムラ,49
1662,五木村,itsukimura,いつきむら,イツキムラ,49
1663,山江村,yamaemura,やまえむら,ヤマエムラ,49
1664,球磨村,kumamura,くまむら,クマムラ,49
1665,あさぎり町,asagirimachi,あさぎりまち,アサギリマチ,49
1666,苓北町,reihokumachi,れいほくまち,レイホクマチ,49
1667,大分市,ooitashi,おおいたし,オオイタシ,50
1668,別府市,beppushi,べっぷし,ベップシ,50
1669,中津市,nakatsushi,なかつし,ナカツシ,50
1670,日田市,hitashi,ひたし,ヒタシ,50
1671,佐伯市,saikishi,さいきし,サイキシ,50
1672,臼杵市,usukishi,うすきし,ウスキシ,50
1673,津久見市,tsukumishi,つくみし,ツクミシ,50
1674,竹田市,taketashi,たけたし,タケタシ,50
1675,豊後高田市,bungotakadashi,ぶんごたかだし,ブンゴタカダシ,50
1676,杵築市,kitsukishi,きつきし,キツキシ,50
1677,宇佐市,usashi,うさし,ウサシ,50
1678,豊後大野市,bungooonoshi,ぶんごおおのし,ブンゴオオノシ,50
1679,由布市,yufushi,ゆふし,ユフシ,50
1680,国東市,kunisakishi,くにさきし,クニサキシ,50
1681,姫島村,himeshimamura,ひめしまむら,ヒメシマムラ,50
1682,日出町,hinodechou,ひのでちょう,ヒノデチョウ,50
1683,九重町,kokonoemachi,ここのえまち,ココノエマチ,50
1684,玖珠町,kusumachi,くすまち,クスマチ,51
1685,宮崎市,miyazakishi,みやざきし,ミヤザキシ,51
1686,都城市,miyakonojoushi,みやこのじょうし,ミヤコノジョウシ,51
1687,延岡市,nobeokashi,のべおかし,ノベオカシ,51
1688,日南市,nichinanshi,にちなんし,ニチナンシ,51
1689,小林市,kobayashishi,こばやしし,コバヤシシ,51
1690,日向市,hyuugashi,ひゅうがし,ヒュウガシ,51
1691,串間市,kushimashi,くしまし,クシマシ,51
1692,西都市,saitoshi,さいとし,サイトシ,51
1693,えびの市,ebinoshi,えびのし,エビノシ,51
1694,三股町,mimatachou,みまたちょう,ミマタチョウ,51
1695,高原町,takaharamachi,たかはらまち,タカハラマチ,51
1696,国富町,kundomichou,くんどみちょう,クンドミチョウ,51
1697,綾町,ayachou,あやちょう,アヤチョウ,51
1698,高鍋町,takanabechou,たかなべちょう,タカナベチョウ,51
1699,新富町,shintomichou,しんとみちょう,シントミチョウ,51
1700,西米良村,nishimerason,にしめらそん,ニシメラソン,51
1701,木城町,kijouchou,きじょうちょう,キジョウチョウ,51
1702,川南町,kawaminamichou,かわみなみちょう,カワミナミチョウ,51
1703,都農町,tsunochou,つのちょう,ツノチョウ,51
1704,門川町,kadogawachou,かどがわちょう,カドガワチョウ,51
1705,諸塚村,morotsukason,もろつかそん,モロツカソン,51
1706,椎葉村,shiibason,しいばそん,シイバソン,51
1707,美郷町,misatochou,みさとちょう,ミサトチョウ,51
1708,高千穂町,takachihochou,たかちほちょう,タカチホチョウ,51
1709,日之影町,hinokagechou,ひのかげちょう,ヒノカゲチョウ,51
1710,五ヶ瀬町,gokasechou,ごかせちょう,ゴカセチョウ,51
1711,鹿屋市,kanoyashi,かのやし,カノヤシ,52
1712,枕崎市,makurazakishi,まくらざきし,マクラザキシ,52
1713,阿久根市,akuneshi,あくねし,アクネシ,52
1714,出水市,izumishi,いずみし,イズミシ,52
1715,指宿市,ibusukishi,いぶすきし,イブスキシ,52
1716,西之表市,nishinoomoteshi,にしのおもてし,ニシノオモテシ,52
1717,垂水市,tarumizushi,たるみずし,タルミズシ,52
1718,薩摩川内市,satsumasendaishi,さつませんだいし,サツマセンダイシ,52
1719,日置市,hiokishi,ひおきし,ヒオキシ,52
1720,曽於市,sooshi,そおし,ソオシ,52
1721,霧島市,kirishimashi,きりしまし,キリシマシ,52
1722,いちき串木野市,ichikikushikinoshi,いちきくしきのし,イチキクシキノシ,52
1723,南さつま市,minamisatsumashi,みなみさつまし,ミナミサツマシ,52
1724,志布志市,shibushishi,しぶしし,シブシシ,52
1725,奄美市,amamishi,あまみし,アマミシ,52
1726,南九州市,minamikyuushuushi,みなみきゅうしゅうし,ミナミキュウシュウシ,52
1727,伊佐市,isashi,いさし,イサシ,52
1728,姶良市,airashi,あいらし,アイラシ,52
1729,三島村,mishimamura,みしまむら,ミシマムラ,52
1730,十島村,toshimamura,としまむら,トシマムラ,52
1731,さつま町,satsumachou,さつまちょう,サツマチョウ,52
1732,長島町,nagashimamachi,ながしままち,ナガシママチ,52
1733,湧水町,yuusuichou,ゆうすいちょう,ユウスイチョウ,52
1734,大崎町,oosakichou,おおさきちょう,オオサキチョウ,52
1735,東串良町,higashikushirachou,ひがしくしらちょう,ヒガシクシラチョウ,52
1736,錦江町,kinkouchou,きんこうちょう,キンコウチョウ,52
1737,南大隅町,minamioosumichou,みなみおおすみちょう,ミナミオオスミチョウ,52
1738,肝付町,kimotsukichou,きもつきちょう,キモツキチョウ,52
1739,中種子町,nakatanechou,なかたねちょう,ナカタネチョウ,52
1740,南種子町,minamitanechou,みなみたねちょう,ミナミタネチョウ,52
1741,屋久島町,yakushimachou,やくしまちょう,ヤクシマチョウ,52
1742,大和村,yamatoson,やまとそん,ヤマトソン,52
1743,宇検村,ukenson,うけんそん,ウケンソン,52
1744,瀬戸内町,setouchichou,せとうちちょう,セトウチチョウ,52
1745,龍郷町,tatsugouchou,たつごうちょう,タツゴウチョウ,52
1746,喜界町,kikaichou,きかいちょう,キカイチョウ,52
1747,徳之島町,tokunoshimachou,とくのしまちょう,トクノシマチョウ,52
1748,天城町,amagichou,あまぎちょう,アマギチョウ,52
1749,伊仙町,isenchou,いせんちょう,イセンチョウ,52
1750,和泊町,wadomarichou,わどまりちょう,ワドマリチョウ,52
1751,知名町,chinachou,ちなちょう,チナチョウ,52
1752,与論町,yoronchou,よろんちょう,ヨロンチョウ,52
1753,那覇市,nahashi,なはし,ナハシ,52
1754,宜野湾市,ginowanshi,ぎのわんし,ギノワンシ,53
1755,石垣市,ishigakishi,いしがきし,イシガキシ,53
1756,浦添市,urasoeshi,うらそえし,ウラソエシ,53
1757,名護市,nagoshi,なごし,ナゴシ,53
1758,糸満市,itomanshi,いとまんし,イトマンシ,53
1759,沖縄市,okinawashi,おきなわし,オキナワシ,53
1760,豊見城市,tomigusukushi,とみぐすくし,トミグスクシ,53
1761,うるま市,urumashi,うるまし,ウルマシ,53
1762,宮古島市,miyakojimashi,みやこじまし,ミヤコジマシ,53
1763,南城市,nanjoushi,なんじょうし,ナンジョウシ,53
1764,国頭村,kunigamison,くにがみそん,クニガミソン,53
1765,大宜味村,oogimison,おおぎみそん,オオギミソン,53
1766,東村,higashison,ひがしそん,ヒガシソン,53
1767,今帰仁村,nakijinson,なきじんそん,ナキジンソン,53
1768,本部町,motobuchou,もとぶちょう,モトブチョウ,53
1769,恩納村,onnason,おんなそん,オンナソン,53
1770,宜野座村,ginozason,ぎのざそん,ギノザソン,53
1771,金武町,kinchou,きんちょう,キンチョウ,53
1772,伊江村,ieson,いえそん,イエソン,53
1773,読谷村,yomitanson,よみたんそん,ヨミタンソン,53
1774,嘉手納町,kadenachou,かでなちょう,カデナチョウ,53
1775,北谷町,chatanchou,ちゃたんちょう,チャタンチョウ,53
1776,北中城村,kitanakagusukuson,きたなかぐすくそん,キタナカグスクソン,53
1777,中城村,nakagusukuson,なかぐすくそん,ナカグスクソン,53
1778,西原町,nishiharachou,にしはらちょう,ニシハラチョウ,53
1779,与那原町,yonabaruchou,よなばるちょう,ヨナバルチョウ,53
1780,南風原町,haebaruchou,はえばるちょう,ハエバルチョウ,53
1781,渡嘉敷村,tokashikison,とかしきそん,トカシキソン,53
1782,座間味村,zamamison,ざまみそん,ザマミソン,53
1783,粟国村,agunison,あぐにそん,アグニソン,53
1784,渡名喜村,tonakison,となきそん,トナキソン,53
1785,南大東村,minamidaitouson,みなみだいとうそん,ミナミダイトウソン,53
1786,北大東村,kitadaitouson,きただいとうそん,キタダイトウソン,53
1787,伊平屋村,iheyason,いへやそん,イヘヤソン,53
1788,伊是名村,izenason,いぜなそん,イゼナソン,53
1789,久米島町,kumejimachou,くめじまちょう,クメジマチョウ,53
1790,八重瀬町,yaesechou,やえせちょう,ヤエセチョウ,53
1791,多良間村,taramason,たらまそん,タラマソン,53
1792,竹富町,taketomichou,たけとみちょう,タケトミチョウ,53
1793,与那国町,yonagunichou,よなぐにちょう,ヨナグニチョウ,53
1794,中央区,chuuouku,ちゅうおうく,チュウオウク,54
1795,北区,kitaku,きたく,キタク,54
1796,東区,higashiku,ひがしく,ヒガシク,54
1797,白石区,shiroishiku,しろいしく,シロイシク,54
1798,豊平区,toyohiraku,とよひらく,トヨヒラク,54
1799,南区,minamiku,みなみく,ミナミク,54
1800,西区,nishiku,にしく,ニシク,54
1801,厚別区,atsubetsuku,あつべつく,アツベツク,54
1802,手稲区,teineku,ていねく,テイネク,54
1803,清田区,kiyotaku,きよたく,キヨタク,54
1804,青葉区,aobaku,あおばく,アオバク,306
1805,宮城野区,miyaginoku,みやぎのく,ミヤギノク,306
1806,若林区,wakabayashiku,わかばやしく,ワカバヤシク,306
1807,太白区,taihakuku,たいはくく,タイハクク,306
1808,泉区,izumiku,いずみく,イズミク,306
1809,西区,nishiku,にしく,ニシク,564
1810,北区,kitaku,きたく,キタク,564
1811,大宮区,oomiyaku,おおみやく,オオミヤク,564
1812,見沼区,minumaku,みぬまく,ミヌマク,564
1813,中央区,chuuouku,ちゅうおうく,チュウオウク,564
1814,桜区,sakuraku,さくらく,サクラク,564
1815,浦和区,urawaku,うらわく,ウラワク,564
1816,南区,minamiku,みなみく,ミナミク,564
1817,緑区,midoriku,みどりく,ミドリク,564
1818,岩槻区,iwatsukiku,いわつきく,イワツキク,564
1819,中央区,chuuouku,ちゅうおうく,チュウオウク,627
1820,花見川区,hanamigawaku,はなみがわく,ハナミガワク,627
1821,稲毛区,inageku,いなげく,イナゲク,627
1822,若葉区,wakabaku,わかばく,ワカバク,627
1823,緑区,midoriku,みどりく,ミドリク,627
1824,美浜区,mihamaku,みはまく,ミハマク,627
1825,鶴見区,tsurumiku,つるみく,ツルミク,743
1826,神奈川区,kanagawaku,かながわく,カナガワク,743
1827,西区,nishiku,にしく,ニシク,743
1828,中区,nakaku,なかく,ナカク,743
1829,南区,minamiku,みなみく,ミナミク,743
1830,保土ケ谷区,hodogayaku,ほどがやく,ホドガヤク,743
1831,磯子区,isogoku,いそごく,イソゴク,743
1832,金沢区,kanazawaku,かなざわく,カナザワク,743
1833,港北区,kouhokuku,こうほくく,コウホクク,743
1834,戸塚区,totsukaku,とつかく,トツカク,743
1835,港南区,kounanku,こうなんく,コウナンク,743
1836,旭区,asahiku,あさひく,アサヒク,743
1837,緑区,midoriku,みどりく,ミドリク,743
1838,瀬谷区,seyaku,せやく,セヤク,743
1839,栄区,sakaeku,さかえく,サカエク,743
1840,泉区,izumiku,いずみく,イズミク,743
1841,青葉区,aobaku,あおばく,アオバク,743
1842,都筑区,tsudukiku,つづきく,ツヅキク,743
1843,川崎区,kawasakiku,かわさきく,カワサキク,744
1844,幸区,saiwaiku,さいわいく,サイワイク,744
1845,中原区,nakaharaku,なかはらく,ナカハラク,744
1846,高津区,takatsuku,たかつく,タカツク,744
1847,多摩区,tamaku,たまく,タマク,744
1848,宮前区,miyamaeku,みやまえく,ミヤマエク,744
1849,麻生区,asaoku,あさおく,アサオク,744
1850,緑区,midoriku,みどりく,ミドリク,745
1851,中央区,chuuouku,ちゅうおうく,チュウオウク,745
1852,南区,minamiku,みなみく,ミナミク,745
1853,北区,kitaku,きたく,キタク,776
1854,東区,higashiku,ひがしく,ヒガシク,776
1855,中央区,chuuouku,ちゅうおうく,チュウオウク,776
1856,江南区,kounanku,こうなんく,コウナンク,776
1857,秋葉区,akihaku,あきはく,アキハク,776
1858,南区,minamiku,みなみく,ミナミク,776
1859,西区,nishiku,にしく,ニシク,776
1860,西蒲区,nishikanku,にしかんく,ニシカンク,776
1861,葵区,aoiku,あおいく,アオイク,1003
1862,駿河区,surugaku,するがく,スルガク,1003
1863,清水区,shimizuku,しみずく,シミズク,1003
1864,中区,nakaku,なかく,ナカク,1004
1865,東区,higashiku,ひがしく,ヒガシク,1004
1866,西区,nishiku,にしく,ニシク,1004
1867,南区,minamiku,みなみく,ミナミク,1004
1868,北区,kitaku,きたく,キタク,1004
1869,浜北区,hamakitaku,はまきたく,ハマキタク,1004
1870,天竜区,tenryuuku,てんりゅうく,テンリュウク,1004
1871,千種区,chikusaku,ちくさく,チクサク,1038
1872,東区,higashiku,ひがしく,ヒガシク,1038
1873,北区,kitaku,きたく,キタク,1038
1874,西区,nishiku,にしく,ニシク,1038
1875,中村区,nakamuraku,なかむらく,ナカムラク,1038
1876,中区,nakaku,なかく,ナカク,1038
1877,昭和区,shouwaku,しょうわく,ショウワク,1038
1878,瑞穂区,mizuhoku,みずほく,ミズホク,1038
1879,熱田区,atsutaku,あつたく,アツタク,1038
1880,中川区,nakagawaku,なかがわく,ナカガワク,1038
1881,港区,minatoku,みなとく,ミナトク,1038
1882,南区,minamiku,みなみく,ミナミク,1038
1883,守山区,moriyamaku,もりやまく,モリヤマク,1038
1884,緑区,midoriku,みどりく,ミドリク,1038
1885,名東区,meitouku,めいとうく,メイトウク,1038
1886,天白区,tenpakuku,てんぱくく,テンパクク,1038
1887,北区,kitaku,きたく,キタク,1140
1888,上京区,kamigyouku,かみぎょうく,カミギョウク,1140
1889,左京区,sakyouku,さきょうく,サキョウク,1140
1890,中京区,nakagyouku,なかぎょうく,ナカギョウク,1140
1891,東山区,higashiyamaku,ひがしやまく,ヒガシヤマク,1140
1892,下京区,shimogyouku,しもぎょうく,シモギョウク,1140
1893,南区,minamiku,みなみく,ミナミク,1140
1894,右京区,ukyouku,うきょうく,ウキョウク,1140
1895,伏見区,fushimiku,ふしみく,フシミク,1140
1896,山科区,yamashinaku,やましなく,ヤマシナク,1140
1897,西京区,nishikyouku,にしきょうく,ニシキョウク,1140
1898,都島区,miyakojimaku,みやこじまく,ミヤコジマク,1166
1899,福島区,fukushimaku,ふくしまく,フクシマク,1166
1900,此花区,konohanaku,このはなく,コノハナク,1166
1901,西区,nishiku,にしく,ニシク,1166
1902,港区,minatoku,みなとく,ミナトク,1166
1903,大正区,taishouku,たいしょうく,タイショウク,1166
1904,天王寺区,tennoujiku,てんのうじく,テンノウジク,1166
1905,浪速区,naniwaku,なにわく,ナニワク,1166
1906,西淀川区,nishiyodogawaku,にしよどがわく,ニシヨドガワク,1166
1907,東淀川区,higashiyodogawaku,ひがしよどがわく,ヒガシヨドガワク,1166
1908,東成区,higashinariku,ひがしなりく,ヒガシナリク,1166
1909,生野区,ikunoku,いくのく,イクノク,1166
1910,旭区,asahiku,あさひく,アサヒク,1166
1911,城東区,joutouku,じょうとうく,ジョウトウク,1166
1912,阿倍野区,abenoku,あべのく,アベノク,1166
1913,住吉区,sumiyoshiku,すみよしく,スミヨシク,1166
1914,東住吉区,higashisumiyoshiku,ひがしすみよしく,ヒガシスミヨシク,1166
1915,西成区,nishinariku,にしなりく,ニシナリク,1166
1916,淀川区,yodogawaku,よどがわく,ヨドガワク,1166
1917,鶴見区,tsurumiku,つるみく,ツルミク,1166
1918,住之江区,suminoeku,すみのえく,スミノエク,1166
1919,平野区,hiranoku,ひらのく,ヒラノク,1166
1920,北区,kitaku,きたく,キタク,1166
1921,中央区,chuuouku,ちゅうおうく,チュウオウク,1166
1922,堺区,sakaiku,さかいく,サカイク,1167
1923,中区,nakaku,なかく,ナカク,1167
1924,東区,higashiku,ひがしく,ヒガシク,1167
1925,西区,nishiku,にしく,ニシク,1167
1926,南区,minamiku,みなみく,ミナミク,1167
1927,北区,kitaku,きたく,キタク,1167
1928,美原区,miharaku,みはらく,ミハラク,1167
1929,東灘区,higashinadaku,ひがしなだく,ヒガシナダク,1209
1930,灘区,nadaku,なだく,ナダク,1209
1931,兵庫区,hyougoku,ひょうごく,ヒョウゴク,1209
1932,長田区,nagataku,ながたく,ナガタク,1209
1933,須磨区,sumaku,すまく,スマク,1209
1934,垂水区,tarumiku,たるみく,タルミク,1209
1935,北区,kitaku,きたく,キタク,1209
1936,中央区,chuuouku,ちゅうおうく,チュウオウク,1209
1937,西区,nishiku,にしく,ニシク,1209
1938,北区,kitaku,きたく,キタク,1357
1939,中区,nakaku,なかく,ナカク,1357
1940,東区,higashiku,ひがしく,ヒガシク,1357
1941,南区,minamiku,みなみく,ミナミク,1357
1942,中区,nakaku,なかく,ナカク,1384
1943,東区,higashiku,ひがしく,ヒガシク,1384
1944,南区,minamiku,みなみく,ミナミク,1384
1945,西区,nishiku,にしく,ニシク,1384
1946,安佐南区,asaminamiku,あさみなみく,アサミナミク,1384
1947,安佐北区,asakitaku,あさきたく,アサキタク,1384
1948,安芸区,akiku,あきく,アキク,1384
1949,佐伯区,saekiku,さえきく,サエキク,1384
1950,門司区,mojiku,もじく,モジク,1521
1951,若松区,wakamatsuku,わかまつく,ワカマツク,1521
1952,戸畑区,tobataku,とばたく,トバタク,1521
1953,小倉北区,kokurakitaku,こくらきたく,コクラキタク,1521
1954,小倉南区,kokuraminamiku,こくらみなみく,コクラミナミク,1521
1955,八幡東区,yahatahigashiku,やはたひがしく,ヤハタヒガシク,1521
1956,八幡西区,yahatanishiku,やはたにしく,ヤハタニシク,1521
1957,東区,higashiku,ひがしく,ヒガシク,1522
1958,博多区,hakataku,はかたく,ハカタク,1522
1959,中央区,chuuouku,ちゅうおうく,チュウオウク,1522
1960,南区,minamiku,みなみく,ミナミク,1522
1961,西区,nishiku,にしく,ニシク,1522
1962,城南区,jounanku,じょうなんく,ジョウナンク,1522
1963,早良区,sawaraku,さわらく,サワラク,1522
1964,中央区,chuuouku,ちゅうおうく,チュウオウク,1622
1965,東区,higashiku,ひがしく,ヒガシク,1622
1966,西区,nishiku,にしく,ニシク,1622
1967,南区,minamiku,みなみく,ミナミク,1622
1968,北区,kitaku,きたく,キタク,1622